count <-
c(180, 0, 0, 333, 305, 0, 0, 0, 80, 0, 0, 0, 0, 0, 0, 0, 0, 0, 
0, 0, 0, 0, 0, 0, 18, 99, 0, 159, 0, 185, 0, 18, 0, 0, 0, 122, 
0, 0, 0, 0, 0, 0, 0, 0, 0, 0, 0, 21, 0, 9, 0, 0, 0, 16, 0, 75, 
48, 459, 395, 442, 54, 97, 0, 0, 0, 0, 0, 0, 0, 0, 0, 0, 0, 0, 
0, 0, 0, 0, 0, 0, 0, 0, 0, 0, 0, 0, 0, 0, 459, 0, 9, 0, 0, 0, 
0, 0, 0, 0, 0, 0, 0, 0, 0, 0, 0, 0, 0, 0, 0, 0, 0, 0, 0, 0, 0, 
0, 0, 0, 0, 0, 0, 0, 0, 148, 0, 41, 0, 0, 0, 0, 0, 0, 0, 0, 0, 
0, 0, 0, 0, 117, 0, 0, 0, 0, 0, 0, 0, 0, 0, 0, 0, 0, 0, 0, 0, 
0, 0, 0, 0, 298, 0, 479, 0, 0, 0, 15, 0, 0, 0, 0, 0, 56, 0, 0, 
79, 0, 0, 60, 0, 0, 1197, 0, 0, 191, 0, 72, 991, 0, 0, 121, 0, 
0, 212, 0, 0, 200, 0, 10, 0, 0, 0, 0, 0, 0, 0, 0, 0)
ntot <-
c(10981, 10981, 10981, 10981, 10981, 10981, 10981, 10981, 10981, 
0, 0, 0, 0, 0, 0, 0, 0, 0, 948, 2075, 948, 2075, 948, 2075, 948, 
2075, 948, 2075, 948, 2075, 948, 2075, 948, 2075, 948, 2075, 
227, 61, 227, 61, 227, 61, 227, 61, 227, 61, 227, 61, 227, 61, 
227, 61, 227, 61, 3678, 3678, 3678, 3678, 3678, 3678, 3678, 3678, 
3678, 760, 329, 760, 329, 760, 329, 760, 329, 760, 329, 760, 
329, 760, 329, 760, 329, 760, 329, 989, 14955, 989, 14955, 989, 
14955, 989, 14955, 989, 14955, 989, 14955, 989, 14955, 989, 14955, 
989, 14955, 558, 229, 558, 229, 558, 229, 558, 229, 558, 229, 
558, 229, 558, 229, 558, 229, 558, 229, 2071, 71, 2071, 71, 2071, 
71, 2071, 71, 2071, 71, 2071, 71, 2071, 71, 2071, 71, 2071, 71, 
1264, 1264, 1264, 1264, 1264, 1264, 1264, 1264, 1264, 1166, 1166, 
1166, 1166, 1166, 1166, 1166, 1166, 1166, 4096, 55, 4096, 55, 
4096, 55, 4096, 55, 4096, 55, 4096, 55, 4096, 55, 4096, 55, 4096, 
55, 8691, 255, 1810, 8691, 255, 1810, 8691, 255, 1810, 8691, 
255, 1810, 8691, 255, 1810, 8691, 255, 1810, 8691, 255, 1810, 
8691, 255, 1810, 8691, 255, 1810, 259, 259, 259, 259, 259, 259, 
259, 259, 259)
pix <-
c(0.012331089860373, 0.00812807732763184, 0.0596433221732584, 
0.171563657113001, 0.0630369107446084, 0.400808722732866, 0.102634728686434, 
0.00945717349906159, 0.0304698024872988, 0.012331089860373, 0.00812807732763184, 
0.0596433221732584, 0.171563657113001, 0.0630369107446084, 0.400808722732866, 
0.102634728686434, 0.00945717349906159, 0.0304698024872988, 0.012331089860373, 
0.012331089860373, 0.00812807732763184, 0.00812807732763184, 
0.0596433221732584, 0.0596433221732584, 0.171563657113001, 0.171563657113001, 
0.0630369107446084, 0.0630369107446084, 0.400808722732866, 0.400808722732866, 
0.102634728686434, 0.102634728686434, 0.00945717349906159, 0.00945717349906159, 
0.0304698024872988, 0.0304698024872988, 0.012331089860373, 0.012331089860373, 
0.00812807732763184, 0.00812807732763184, 0.0596433221732584, 
0.0596433221732584, 0.171563657113001, 0.171563657113001, 0.0630369107446084, 
0.0630369107446084, 0.400808722732866, 0.400808722732866, 0.102634728686434, 
0.102634728686434, 0.00945717349906159, 0.00945717349906159, 
0.0304698024872988, 0.0304698024872988, 0.012331089860373, 0.00812807732763184, 
0.0596433221732584, 0.171563657113001, 0.0630369107446084, 0.400808722732866, 
0.102634728686434, 0.00945717349906159, 0.0304698024872988, 0.012331089860373, 
0.012331089860373, 0.00812807732763184, 0.00812807732763184, 
0.0596433221732584, 0.0596433221732584, 0.171563657113001, 0.171563657113001, 
0.0630369107446084, 0.0630369107446084, 0.400808722732866, 0.400808722732866, 
0.102634728686434, 0.102634728686434, 0.00945717349906159, 0.00945717349906159, 
0.0304698024872988, 0.0304698024872988, 0.012331089860373, 0.012331089860373, 
0.00812807732763184, 0.00812807732763184, 0.0596433221732584, 
0.0596433221732584, 0.171563657113001, 0.171563657113001, 0.0630369107446084, 
0.0630369107446084, 0.400808722732866, 0.400808722732866, 0.102634728686434, 
0.102634728686434, 0.00945717349906159, 0.00945717349906159, 
0.0304698024872988, 0.0304698024872988, 0.012331089860373, 0.012331089860373, 
0.00812807732763184, 0.00812807732763184, 0.0596433221732584, 
0.0596433221732584, 0.171563657113001, 0.171563657113001, 0.0630369107446084, 
0.0630369107446084, 0.400808722732866, 0.400808722732866, 0.102634728686434, 
0.102634728686434, 0.00945717349906159, 0.00945717349906159, 
0.0304698024872988, 0.0304698024872988, 0.012331089860373, 0.012331089860373, 
0.00812807732763184, 0.00812807732763184, 0.0596433221732584, 
0.0596433221732584, 0.171563657113001, 0.171563657113001, 0.0630369107446084, 
0.0630369107446084, 0.400808722732866, 0.400808722732866, 0.102634728686434, 
0.102634728686434, 0.00945717349906159, 0.00945717349906159, 
0.0304698024872988, 0.0304698024872988, 0.012331089860373, 0.00812807732763184, 
0.0596433221732584, 0.171563657113001, 0.0630369107446084, 0.400808722732866, 
0.102634728686434, 0.00945717349906159, 0.0304698024872988, 0.012331089860373, 
0.00812807732763184, 0.0596433221732584, 0.171563657113001, 0.0630369107446084, 
0.400808722732866, 0.102634728686434, 0.00945717349906159, 0.0304698024872988, 
0.012331089860373, 0.012331089860373, 0.00812807732763184, 0.00812807732763184, 
0.0596433221732584, 0.0596433221732584, 0.171563657113001, 0.171563657113001, 
0.0630369107446084, 0.0630369107446084, 0.400808722732866, 0.400808722732866, 
0.102634728686434, 0.102634728686434, 0.00945717349906159, 0.00945717349906159, 
0.0304698024872988, 0.0304698024872988, 0.012331089860373, 0.012331089860373, 
0.012331089860373, 0.00812807732763184, 0.00812807732763184, 
0.00812807732763184, 0.0596433221732584, 0.0596433221732584, 
0.0596433221732584, 0.171563657113001, 0.171563657113001, 0.171563657113001, 
0.0630369107446084, 0.0630369107446084, 0.0630369107446084, 0.400808722732866, 
0.400808722732866, 0.400808722732866, 0.102634728686434, 0.102634728686434, 
0.102634728686434, 0.00945717349906159, 0.00945717349906159, 
0.00945717349906159, 0.0304698024872988, 0.0304698024872988, 
0.0304698024872988, 0.012331089860373, 0.00812807732763184, 0.0596433221732584, 
0.171563657113001, 0.0630369107446084, 0.400808722732866, 0.102634728686434, 
0.00945717349906159, 0.0304698024872988)
roi <-
c(2L, 3L, 4L, 5L, 6L, 7L, 8L, 9L, 10L, 2L, 3L, 4L, 5L, 6L, 7L, 
8L, 9L, 10L, 2L, 2L, 3L, 3L, 4L, 4L, 5L, 5L, 6L, 6L, 7L, 7L, 
8L, 8L, 9L, 9L, 10L, 10L, 2L, 2L, 3L, 3L, 4L, 4L, 5L, 5L, 6L, 
6L, 7L, 7L, 8L, 8L, 9L, 9L, 10L, 10L, 2L, 3L, 4L, 5L, 6L, 7L, 
8L, 9L, 10L, 2L, 2L, 3L, 3L, 4L, 4L, 5L, 5L, 6L, 6L, 7L, 7L, 
8L, 8L, 9L, 9L, 10L, 10L, 2L, 2L, 3L, 3L, 4L, 4L, 5L, 5L, 6L, 
6L, 7L, 7L, 8L, 8L, 9L, 9L, 10L, 10L, 2L, 2L, 3L, 3L, 4L, 4L, 
5L, 5L, 6L, 6L, 7L, 7L, 8L, 8L, 9L, 9L, 10L, 10L, 2L, 2L, 3L, 
3L, 4L, 4L, 5L, 5L, 6L, 6L, 7L, 7L, 8L, 8L, 9L, 9L, 10L, 10L, 
2L, 3L, 4L, 5L, 6L, 7L, 8L, 9L, 10L, 2L, 3L, 4L, 5L, 6L, 7L, 
8L, 9L, 10L, 2L, 2L, 3L, 3L, 4L, 4L, 5L, 5L, 6L, 6L, 7L, 7L, 
8L, 8L, 9L, 9L, 10L, 10L, 2L, 2L, 2L, 3L, 3L, 3L, 4L, 4L, 4L, 
5L, 5L, 5L, 6L, 6L, 6L, 7L, 7L, 7L, 8L, 8L, 8L, 9L, 9L, 9L, 10L, 
10L, 10L, 2L, 3L, 4L, 5L, 6L, 7L, 8L, 9L, 10L)
male <-
c(2L, 2L, 2L, 2L, 2L, 2L, 2L, 2L, 2L, 8L, 8L, 8L, 8L, 8L, 8L, 
8L, 8L, 8L, 6L, 7L, 6L, 7L, 6L, 7L, 6L, 7L, 6L, 7L, 6L, 7L, 6L, 
7L, 6L, 7L, 6L, 7L, 3L, 5L, 3L, 5L, 3L, 5L, 3L, 5L, 3L, 5L, 3L, 
5L, 3L, 5L, 3L, 5L, 3L, 5L, 6L, 6L, 6L, 6L, 6L, 6L, 6L, 6L, 6L, 
4L, 6L, 4L, 6L, 4L, 6L, 4L, 6L, 4L, 6L, 4L, 6L, 4L, 6L, 4L, 6L, 
4L, 6L, 1L, 2L, 1L, 2L, 1L, 2L, 1L, 2L, 1L, 2L, 1L, 2L, 1L, 2L, 
1L, 2L, 1L, 2L, 4L, 6L, 4L, 6L, 4L, 6L, 4L, 6L, 4L, 6L, 4L, 6L, 
4L, 6L, 4L, 6L, 4L, 6L, 5L, 8L, 5L, 8L, 5L, 8L, 5L, 8L, 5L, 8L, 
5L, 8L, 5L, 8L, 5L, 8L, 5L, 8L, 8L, 8L, 8L, 8L, 8L, 8L, 8L, 8L, 
8L, 6L, 6L, 6L, 6L, 6L, 6L, 6L, 6L, 6L, 2L, 6L, 2L, 6L, 2L, 6L, 
2L, 6L, 2L, 6L, 2L, 6L, 2L, 6L, 2L, 6L, 2L, 6L, 2L, 6L, 8L, 2L, 
6L, 8L, 2L, 6L, 8L, 2L, 6L, 8L, 2L, 6L, 8L, 2L, 6L, 8L, 2L, 6L, 
8L, 2L, 6L, 8L, 2L, 6L, 8L, 2L, 2L, 2L, 2L, 2L, 2L, 2L, 2L, 2L
)
