count <-
c(0, 0, 0, 244, 345, 0, 0, 0, 0, 0, 0, 0, 0, 0, 0, 0, 0, 0, 143, 
25, 0, 533, 653, 27, 0, 21, 331, 0, 0, 0, 0, 0, 0, 699, 205, 
0, 0, 97, 117, 0, 177, 0, 0, 346, 31, 69, 0, 0, 1325, 1043, 0, 
0, 0, 191, 0, 0, 0, 0, 153, 0, 0, 0, 0, 32, 0, 0, 0, 16, 0, 0, 
0, 76, 0, 0, 0, 42, 15, 0, 0, 0, 36, 83, 58, 29, 1123, 690, 191, 
34, 53, 262, 58, 0, 0, 0, 0, 0, 96, 255, 0, 45, 0, 0, 0, 13, 
0, 0, 0, 27, 0, 0, 21, 0, 151, 0, 3010, 16, 849, 9, 781, 57, 
53, 0, 54, 0, 509, 50)
ntot <-
c(10276, 10276, 10276, 10276, 10276, 10276, 10276, 10276, 10276, 
1387, 1387, 1387, 1387, 1387, 1387, 1387, 1387, 1387, 18969, 
18969, 18969, 18969, 18969, 18969, 18969, 18969, 18969, 4985, 
3187, 4985, 3187, 4985, 3187, 4985, 3187, 4985, 3187, 4985, 3187, 
4985, 3187, 4985, 3187, 4985, 3187, 7646, 7646, 7646, 7646, 7646, 
7646, 7646, 7646, 7646, 3815, 3815, 3815, 3815, 3815, 3815, 3815, 
3815, 3815, 3048, 3048, 3048, 3048, 3048, 3048, 3048, 3048, 3048, 
2146, 2146, 2146, 2146, 2146, 2146, 2146, 2146, 2146, 50161, 
50161, 50161, 50161, 50161, 50161, 50161, 50161, 50161, 4930, 
35249, 4930, 35249, 4930, 35249, 4930, 35249, 4930, 35249, 4930, 
35249, 4930, 35249, 4930, 35249, 4930, 35249, 18525, 9244, 18525, 
9244, 18525, 9244, 18525, 9244, 18525, 9244, 18525, 9244, 18525, 
9244, 18525, 9244, 18525, 9244)
pix <-
c(0.012331089860373, 0.00812807732763184, 0.0596433221732584, 
0.171563657113001, 0.0630369107446084, 0.400808722732866, 0.102634728686434, 
0.00945717349906159, 0.0304698024872988, 0.012331089860373, 0.00812807732763184, 
0.0596433221732584, 0.171563657113001, 0.0630369107446084, 0.400808722732866, 
0.102634728686434, 0.00945717349906159, 0.0304698024872988, 0.012331089860373, 
0.00812807732763184, 0.0596433221732584, 0.171563657113001, 0.0630369107446084, 
0.400808722732866, 0.102634728686434, 0.00945717349906159, 0.0304698024872988, 
0.012331089860373, 0.012331089860373, 0.00812807732763184, 0.00812807732763184, 
0.0596433221732584, 0.0596433221732584, 0.171563657113001, 0.171563657113001, 
0.0630369107446084, 0.0630369107446084, 0.400808722732866, 0.400808722732866, 
0.102634728686434, 0.102634728686434, 0.00945717349906159, 0.00945717349906159, 
0.0304698024872988, 0.0304698024872988, 0.012331089860373, 0.00812807732763184, 
0.0596433221732584, 0.171563657113001, 0.0630369107446084, 0.400808722732866, 
0.102634728686434, 0.00945717349906159, 0.0304698024872988, 0.012331089860373, 
0.00812807732763184, 0.0596433221732584, 0.171563657113001, 0.0630369107446084, 
0.400808722732866, 0.102634728686434, 0.00945717349906159, 0.0304698024872988, 
0.012331089860373, 0.00812807732763184, 0.0596433221732584, 0.171563657113001, 
0.0630369107446084, 0.400808722732866, 0.102634728686434, 0.00945717349906159, 
0.0304698024872988, 0.012331089860373, 0.00812807732763184, 0.0596433221732584, 
0.171563657113001, 0.0630369107446084, 0.400808722732866, 0.102634728686434, 
0.00945717349906159, 0.0304698024872988, 0.012331089860373, 0.00812807732763184, 
0.0596433221732584, 0.171563657113001, 0.0630369107446084, 0.400808722732866, 
0.102634728686434, 0.00945717349906159, 0.0304698024872988, 0.012331089860373, 
0.012331089860373, 0.00812807732763184, 0.00812807732763184, 
0.0596433221732584, 0.0596433221732584, 0.171563657113001, 0.171563657113001, 
0.0630369107446084, 0.0630369107446084, 0.400808722732866, 0.400808722732866, 
0.102634728686434, 0.102634728686434, 0.00945717349906159, 0.00945717349906159, 
0.0304698024872988, 0.0304698024872988, 0.012331089860373, 0.012331089860373, 
0.00812807732763184, 0.00812807732763184, 0.0596433221732584, 
0.0596433221732584, 0.171563657113001, 0.171563657113001, 0.0630369107446084, 
0.0630369107446084, 0.400808722732866, 0.400808722732866, 0.102634728686434, 
0.102634728686434, 0.00945717349906159, 0.00945717349906159, 
0.0304698024872988, 0.0304698024872988)
roi <-
c(2L, 3L, 4L, 5L, 6L, 7L, 8L, 9L, 10L, 2L, 3L, 4L, 5L, 6L, 7L, 
8L, 9L, 10L, 2L, 3L, 4L, 5L, 6L, 7L, 8L, 9L, 10L, 2L, 2L, 3L, 
3L, 4L, 4L, 5L, 5L, 6L, 6L, 7L, 7L, 8L, 8L, 9L, 9L, 10L, 10L, 
2L, 3L, 4L, 5L, 6L, 7L, 8L, 9L, 10L, 2L, 3L, 4L, 5L, 6L, 7L, 
8L, 9L, 10L, 2L, 3L, 4L, 5L, 6L, 7L, 8L, 9L, 10L, 2L, 3L, 4L, 
5L, 6L, 7L, 8L, 9L, 10L, 2L, 3L, 4L, 5L, 6L, 7L, 8L, 9L, 10L, 
2L, 2L, 3L, 3L, 4L, 4L, 5L, 5L, 6L, 6L, 7L, 7L, 8L, 8L, 9L, 9L, 
10L, 10L, 2L, 2L, 3L, 3L, 4L, 4L, 5L, 5L, 6L, 6L, 7L, 7L, 8L, 
8L, 9L, 9L, 10L, 10L)
male <-
c(2L, 2L, 2L, 2L, 2L, 2L, 2L, 2L, 2L, 7L, 7L, 7L, 7L, 7L, 7L, 
7L, 7L, 7L, 6L, 6L, 6L, 6L, 6L, 6L, 6L, 6L, 6L, 4L, 6L, 4L, 6L, 
4L, 6L, 4L, 6L, 4L, 6L, 4L, 6L, 4L, 6L, 4L, 6L, 4L, 6L, 2L, 2L, 
2L, 2L, 2L, 2L, 2L, 2L, 2L, 6L, 6L, 6L, 6L, 6L, 6L, 6L, 6L, 6L, 
5L, 5L, 5L, 5L, 5L, 5L, 5L, 5L, 5L, 8L, 8L, 8L, 8L, 8L, 8L, 8L, 
8L, 8L, 6L, 6L, 6L, 6L, 6L, 6L, 6L, 6L, 6L, 2L, 6L, 2L, 6L, 2L, 
6L, 2L, 6L, 2L, 6L, 2L, 6L, 2L, 6L, 2L, 6L, 2L, 6L, 2L, 8L, 2L, 
8L, 2L, 8L, 2L, 8L, 2L, 8L, 2L, 8L, 2L, 8L, 2L, 8L, 2L, 8L)
fem <-
c(1L, 1L, 1L, 1L, 1L, 1L, 1L, 1L, 1L, 3L, 3L, 3L, 3L, 3L, 3L, 
3L, 3L, 3L, 5L, 5L, 5L, 5L, 5L, 5L, 5L, 5L, 5L, 6L, 6L, 6L, 6L, 
6L, 6L, 6L, 6L, 6L, 6L, 6L, 6L, 6L, 6L, 6L, 6L, 6L, 6L, 7L, 7L, 
7L, 7L, 7L, 7L, 7L, 7L, 7L, 8L, 8L, 8L, 8L, 8L, 8L, 8L, 8L, 8L, 
9L, 9L, 9L, 9L, 9L, 9L, 9L, 9L, 9L, 10L, 10L, 10L, 10L, 10L, 
10L, 10L, 10L, 10L, 11L, 11L, 11L, 11L, 11L, 11L, 11L, 11L, 11L, 
12L, 12L, 12L, 12L, 12L, 12L, 12L, 12L, 12L, 12L, 12L, 12L, 12L, 
12L, 12L, 12L, 12L, 12L, 13L, 13L, 13L, 13L, 13L, 13L, 13L, 13L, 
13L, 13L, 13L, 13L, 13L, 13L, 13L, 13L, 13L, 13L)
nmale <-
8L
nfem <-
14L
nroi <-
10L
roinames <-
c("BlackFluff", "DenseFeathers", "Leg", "LongFeathers", "LowerEyeSpots", 
"LowerFishtails", "UpperEyeSpots", "UpperFishtails", "WhitePuff", 
"Wing")
