count <-
c(180, 0, 0, 577, 650, 0, 0, 0, 80, 0, 0, 0, 0, 0, 0, 18, 99, 
0, 159, 0, 185, 0, 18, 0, 0, 0, 122, 0, 0, 0, 0, 0, 21, 9, 0, 
16, 143, 100, 48, 992, 1048, 469, 54, 118, 331, 0, 0, 0, 0, 0, 
0, 699, 205, 0, 0, 97, 117, 0, 177, 0, 0, 346, 31, 0, 69, 0, 
0, 0, 0, 0, 1784, 0, 1052, 0, 0, 0, 0, 0, 0, 0, 191, 0, 0, 0, 
0, 0, 0, 0, 0, 0, 153, 0, 0, 0, 0, 0, 0, 0, 0, 32, 0, 0, 148, 
57, 0, 0, 0, 76, 0, 0, 0, 42, 132, 0, 0, 0, 36, 83, 58, 29, 1123, 
690, 191, 34, 53, 262, 58, 0, 0, 0, 0, 0, 394, 255, 479, 45, 
0, 0, 15, 13, 0, 0, 0, 27, 56, 0, 100, 0, 211, 0, 4207, 16, 1040, 
81, 1772, 57, 174, 0, 266, 0, 709, 60)
ntot <-
c(21257, 21257, 21257, 21257, 21257, 21257, 21257, 21257, 21257, 
948, 3462, 948, 3462, 948, 3462, 948, 3462, 948, 3462, 948, 3462, 
948, 3462, 948, 3462, 948, 3462, 61, 61, 61, 61, 61, 61, 61, 
61, 61, 22549, 22549, 22549, 22549, 22549, 22549, 22549, 22549, 
22549, 5745, 3516, 5745, 3516, 5745, 3516, 5745, 3516, 5745, 
3516, 5745, 3516, 5745, 3516, 5745, 3516, 5745, 3516, 989, 22601, 
989, 22601, 989, 22601, 989, 22601, 989, 22601, 989, 22601, 989, 
22601, 989, 22601, 989, 22601, 558, 4044, 558, 4044, 558, 4044, 
558, 4044, 558, 4044, 558, 4044, 558, 4044, 558, 4044, 558, 4044, 
5119, 5119, 5119, 5119, 5119, 5119, 5119, 5119, 5119, 3410, 3410, 
3410, 3410, 3410, 3410, 3410, 3410, 3410, 51327, 51327, 51327, 
51327, 51327, 51327, 51327, 51327, 51327, 9026, 35304, 9026, 
35304, 9026, 35304, 9026, 35304, 9026, 35304, 9026, 35304, 9026, 
35304, 9026, 35304, 9026, 35304, 27216, 11054, 27216, 11054, 
27216, 11054, 27216, 11054, 27216, 11054, 27216, 11054, 27216, 
11054, 27216, 11054, 27216, 11054)
pix <-
c(0.012331089860373, 0.00812807732763184, 0.0596433221732584, 
0.171563657113001, 0.0630369107446084, 0.400808722732866, 0.102634728686434, 
0.00945717349906159, 0.0304698024872988, 0.012331089860373, 0.012331089860373, 
0.00812807732763184, 0.00812807732763184, 0.0596433221732584, 
0.0596433221732584, 0.171563657113001, 0.171563657113001, 0.0630369107446084, 
0.0630369107446084, 0.400808722732866, 0.400808722732866, 0.102634728686434, 
0.102634728686434, 0.00945717349906159, 0.00945717349906159, 
0.0304698024872988, 0.0304698024872988, 0.012331089860373, 0.00812807732763184, 
0.0596433221732584, 0.171563657113001, 0.0630369107446084, 0.400808722732866, 
0.102634728686434, 0.00945717349906159, 0.0304698024872988, 0.012331089860373, 
0.00812807732763184, 0.0596433221732584, 0.171563657113001, 0.0630369107446084, 
0.400808722732866, 0.102634728686434, 0.00945717349906159, 0.0304698024872988, 
0.012331089860373, 0.012331089860373, 0.00812807732763184, 0.00812807732763184, 
0.0596433221732584, 0.0596433221732584, 0.171563657113001, 0.171563657113001, 
0.0630369107446084, 0.0630369107446084, 0.400808722732866, 0.400808722732866, 
0.102634728686434, 0.102634728686434, 0.00945717349906159, 0.00945717349906159, 
0.0304698024872988, 0.0304698024872988, 0.012331089860373, 0.012331089860373, 
0.00812807732763184, 0.00812807732763184, 0.0596433221732584, 
0.0596433221732584, 0.171563657113001, 0.171563657113001, 0.0630369107446084, 
0.0630369107446084, 0.400808722732866, 0.400808722732866, 0.102634728686434, 
0.102634728686434, 0.00945717349906159, 0.00945717349906159, 
0.0304698024872988, 0.0304698024872988, 0.012331089860373, 0.012331089860373, 
0.00812807732763184, 0.00812807732763184, 0.0596433221732584, 
0.0596433221732584, 0.171563657113001, 0.171563657113001, 0.0630369107446084, 
0.0630369107446084, 0.400808722732866, 0.400808722732866, 0.102634728686434, 
0.102634728686434, 0.00945717349906159, 0.00945717349906159, 
0.0304698024872988, 0.0304698024872988, 0.012331089860373, 0.00812807732763184, 
0.0596433221732584, 0.171563657113001, 0.0630369107446084, 0.400808722732866, 
0.102634728686434, 0.00945717349906159, 0.0304698024872988, 0.012331089860373, 
0.00812807732763184, 0.0596433221732584, 0.171563657113001, 0.0630369107446084, 
0.400808722732866, 0.102634728686434, 0.00945717349906159, 0.0304698024872988, 
0.012331089860373, 0.00812807732763184, 0.0596433221732584, 0.171563657113001, 
0.0630369107446084, 0.400808722732866, 0.102634728686434, 0.00945717349906159, 
0.0304698024872988, 0.012331089860373, 0.012331089860373, 0.00812807732763184, 
0.00812807732763184, 0.0596433221732584, 0.0596433221732584, 
0.171563657113001, 0.171563657113001, 0.0630369107446084, 0.0630369107446084, 
0.400808722732866, 0.400808722732866, 0.102634728686434, 0.102634728686434, 
0.00945717349906159, 0.00945717349906159, 0.0304698024872988, 
0.0304698024872988, 0.012331089860373, 0.012331089860373, 0.00812807732763184, 
0.00812807732763184, 0.0596433221732584, 0.0596433221732584, 
0.171563657113001, 0.171563657113001, 0.0630369107446084, 0.0630369107446084, 
0.400808722732866, 0.400808722732866, 0.102634728686434, 0.102634728686434, 
0.00945717349906159, 0.00945717349906159, 0.0304698024872988, 
0.0304698024872988)
roi <-
c(2L, 3L, 4L, 5L, 6L, 7L, 8L, 9L, 10L, 2L, 2L, 3L, 3L, 4L, 4L, 
5L, 5L, 6L, 6L, 7L, 7L, 8L, 8L, 9L, 9L, 10L, 10L, 2L, 3L, 4L, 
5L, 6L, 7L, 8L, 9L, 10L, 2L, 3L, 4L, 5L, 6L, 7L, 8L, 9L, 10L, 
2L, 2L, 3L, 3L, 4L, 4L, 5L, 5L, 6L, 6L, 7L, 7L, 8L, 8L, 9L, 9L, 
10L, 10L, 2L, 2L, 3L, 3L, 4L, 4L, 5L, 5L, 6L, 6L, 7L, 7L, 8L, 
8L, 9L, 9L, 10L, 10L, 2L, 2L, 3L, 3L, 4L, 4L, 5L, 5L, 6L, 6L, 
7L, 7L, 8L, 8L, 9L, 9L, 10L, 10L, 2L, 3L, 4L, 5L, 6L, 7L, 8L, 
9L, 10L, 2L, 3L, 4L, 5L, 6L, 7L, 8L, 9L, 10L, 2L, 3L, 4L, 5L, 
6L, 7L, 8L, 9L, 10L, 2L, 2L, 3L, 3L, 4L, 4L, 5L, 5L, 6L, 6L, 
7L, 7L, 8L, 8L, 9L, 9L, 10L, 10L, 2L, 2L, 3L, 3L, 4L, 4L, 5L, 
5L, 6L, 6L, 7L, 7L, 8L, 8L, 9L, 9L, 10L, 10L)
male <-
c(2L, 2L, 2L, 2L, 2L, 2L, 2L, 2L, 2L, 6L, 7L, 6L, 7L, 6L, 7L, 
6L, 7L, 6L, 7L, 6L, 7L, 6L, 7L, 6L, 7L, 6L, 7L, 5L, 5L, 5L, 5L, 
5L, 5L, 5L, 5L, 5L, 6L, 6L, 6L, 6L, 6L, 6L, 6L, 6L, 6L, 4L, 6L, 
4L, 6L, 4L, 6L, 4L, 6L, 4L, 6L, 4L, 6L, 4L, 6L, 4L, 6L, 4L, 6L, 
1L, 2L, 1L, 2L, 1L, 2L, 1L, 2L, 1L, 2L, 1L, 2L, 1L, 2L, 1L, 2L, 
1L, 2L, 4L, 6L, 4L, 6L, 4L, 6L, 4L, 6L, 4L, 6L, 4L, 6L, 4L, 6L, 
4L, 6L, 4L, 6L, 5L, 5L, 5L, 5L, 5L, 5L, 5L, 5L, 5L, 8L, 8L, 8L, 
8L, 8L, 8L, 8L, 8L, 8L, 6L, 6L, 6L, 6L, 6L, 6L, 6L, 6L, 6L, 2L, 
6L, 2L, 6L, 2L, 6L, 2L, 6L, 2L, 6L, 2L, 6L, 2L, 6L, 2L, 6L, 2L, 
6L, 2L, 8L, 2L, 8L, 2L, 8L, 2L, 8L, 2L, 8L, 2L, 8L, 2L, 8L, 2L, 
8L, 2L, 8L)
fem <-
c(1L, 1L, 1L, 1L, 1L, 1L, 1L, 1L, 1L, 3L, 3L, 3L, 3L, 3L, 3L, 
3L, 3L, 3L, 3L, 3L, 3L, 3L, 3L, 3L, 3L, 3L, 3L, 4L, 4L, 4L, 4L, 
4L, 4L, 4L, 4L, 4L, 5L, 5L, 5L, 5L, 5L, 5L, 5L, 5L, 5L, 6L, 6L, 
6L, 6L, 6L, 6L, 6L, 6L, 6L, 6L, 6L, 6L, 6L, 6L, 6L, 6L, 6L, 6L, 
7L, 7L, 7L, 7L, 7L, 7L, 7L, 7L, 7L, 7L, 7L, 7L, 7L, 7L, 7L, 7L, 
7L, 7L, 8L, 8L, 8L, 8L, 8L, 8L, 8L, 8L, 8L, 8L, 8L, 8L, 8L, 8L, 
8L, 8L, 8L, 8L, 9L, 9L, 9L, 9L, 9L, 9L, 9L, 9L, 9L, 10L, 10L, 
10L, 10L, 10L, 10L, 10L, 10L, 10L, 11L, 11L, 11L, 11L, 11L, 11L, 
11L, 11L, 11L, 12L, 12L, 12L, 12L, 12L, 12L, 12L, 12L, 12L, 12L, 
12L, 12L, 12L, 12L, 12L, 12L, 12L, 12L, 13L, 13L, 13L, 13L, 13L, 
13L, 13L, 13L, 13L, 13L, 13L, 13L, 13L, 13L, 13L, 13L, 13L, 13L
)
nmale <-
8L
nfem <-
14L
nroi <-
10L
roinames <-
c("BlackFluff", "DenseFeathers", "Leg", "LongFeathers", "LowerEyeSpots", 
"LowerFishtails", "UpperEyeSpots", "UpperFishtails", "WhitePuff", 
"Wing")
