count <-
c(42, 0, 0, 290, 544, 0, 0, 0, 0, 0, 0, 0, 57, 26, 0, 0, 0, 0, 
0, 0, 0, 0, 0, 0, 0, 0, 0, 0, 0, 0, 0, 0, 0, 0, 0, 0, 143, 25, 
0, 533, 653, 27, 0, 21, 331, 0, 0, 0, 0, 0, 0, 699, 205, 0, 0, 
97, 117, 0, 177, 0, 0, 346, 31, 69, 0, 0, 1325, 1043, 0, 0, 0, 
191, 0, 0, 0, 0, 153, 0, 0, 0, 0, 32, 0, 0, 73, 0, 0, 0, 842, 
16, 153, 0, 49, 0, 24, 0, 36, 76, 166, 0, 0, 0, 42, 15, 0, 0, 
0, 36, 83, 58, 29, 1123, 690, 191, 34, 53, 262, 58, 0, 0, 0, 
0, 0, 306, 255, 108, 45, 47, 0, 9, 13, 0, 0, 78, 27, 0, 0, 0, 
21, 0, 0, 151, 13, 0, 3010, 0, 16, 849, 0, 9, 781, 0, 57, 53, 
0, 0, 54, 44, 0, 509, 0, 50, 0, 0, 0, 0, 0, 0, 0, 0, 22)
ntot <-
c(12171, 12171, 12171, 12171, 12171, 12171, 12171, 12171, 12171, 
8151, 8151, 8151, 8151, 8151, 8151, 8151, 8151, 8151, 1387, 1387, 
1387, 1387, 1387, 1387, 1387, 1387, 1387, 8346, 8346, 8346, 8346, 
8346, 8346, 8346, 8346, 8346, 20898, 20898, 20898, 20898, 20898, 
20898, 20898, 20898, 20898, 4985, 3187, 4985, 3187, 4985, 3187, 
4985, 3187, 4985, 3187, 4985, 3187, 4985, 3187, 4985, 3187, 4985, 
3187, 7646, 7646, 7646, 7646, 7646, 7646, 7646, 7646, 7646, 3815, 
3815, 3815, 3815, 3815, 3815, 3815, 3815, 3815, 3048, 6166, 3048, 
6166, 3048, 6166, 3048, 6166, 3048, 6166, 3048, 6166, 3048, 6166, 
3048, 6166, 3048, 6166, 2146, 2146, 2146, 2146, 2146, 2146, 2146, 
2146, 2146, 50161, 50161, 50161, 50161, 50161, 50161, 50161, 
50161, 50161, 9697, 35249, 9697, 35249, 9697, 35249, 9697, 35249, 
9697, 35249, 9697, 35249, 9697, 35249, 9697, 35249, 9697, 35249, 
18525, 5506, 9244, 18525, 5506, 9244, 18525, 5506, 9244, 18525, 
5506, 9244, 18525, 5506, 9244, 18525, 5506, 9244, 18525, 5506, 
9244, 18525, 5506, 9244, 18525, 5506, 9244, 2431, 2431, 2431, 
2431, 2431, 2431, 2431, 2431, 2431)
pix <-
c(0.012331089860373, 0.00812807732763184, 0.0596433221732584, 
0.171563657113001, 0.0630369107446084, 0.400808722732866, 0.102634728686434, 
0.00945717349906159, 0.0304698024872988, 0.012331089860373, 0.00812807732763184, 
0.0596433221732584, 0.171563657113001, 0.0630369107446084, 0.400808722732866, 
0.102634728686434, 0.00945717349906159, 0.0304698024872988, 0.012331089860373, 
0.00812807732763184, 0.0596433221732584, 0.171563657113001, 0.0630369107446084, 
0.400808722732866, 0.102634728686434, 0.00945717349906159, 0.0304698024872988, 
0.012331089860373, 0.00812807732763184, 0.0596433221732584, 0.171563657113001, 
0.0630369107446084, 0.400808722732866, 0.102634728686434, 0.00945717349906159, 
0.0304698024872988, 0.012331089860373, 0.00812807732763184, 0.0596433221732584, 
0.171563657113001, 0.0630369107446084, 0.400808722732866, 0.102634728686434, 
0.00945717349906159, 0.0304698024872988, 0.012331089860373, 0.012331089860373, 
0.00812807732763184, 0.00812807732763184, 0.0596433221732584, 
0.0596433221732584, 0.171563657113001, 0.171563657113001, 0.0630369107446084, 
0.0630369107446084, 0.400808722732866, 0.400808722732866, 0.102634728686434, 
0.102634728686434, 0.00945717349906159, 0.00945717349906159, 
0.0304698024872988, 0.0304698024872988, 0.012331089860373, 0.00812807732763184, 
0.0596433221732584, 0.171563657113001, 0.0630369107446084, 0.400808722732866, 
0.102634728686434, 0.00945717349906159, 0.0304698024872988, 0.012331089860373, 
0.00812807732763184, 0.0596433221732584, 0.171563657113001, 0.0630369107446084, 
0.400808722732866, 0.102634728686434, 0.00945717349906159, 0.0304698024872988, 
0.012331089860373, 0.012331089860373, 0.00812807732763184, 0.00812807732763184, 
0.0596433221732584, 0.0596433221732584, 0.171563657113001, 0.171563657113001, 
0.0630369107446084, 0.0630369107446084, 0.400808722732866, 0.400808722732866, 
0.102634728686434, 0.102634728686434, 0.00945717349906159, 0.00945717349906159, 
0.0304698024872988, 0.0304698024872988, 0.012331089860373, 0.00812807732763184, 
0.0596433221732584, 0.171563657113001, 0.0630369107446084, 0.400808722732866, 
0.102634728686434, 0.00945717349906159, 0.0304698024872988, 0.012331089860373, 
0.00812807732763184, 0.0596433221732584, 0.171563657113001, 0.0630369107446084, 
0.400808722732866, 0.102634728686434, 0.00945717349906159, 0.0304698024872988, 
0.012331089860373, 0.012331089860373, 0.00812807732763184, 0.00812807732763184, 
0.0596433221732584, 0.0596433221732584, 0.171563657113001, 0.171563657113001, 
0.0630369107446084, 0.0630369107446084, 0.400808722732866, 0.400808722732866, 
0.102634728686434, 0.102634728686434, 0.00945717349906159, 0.00945717349906159, 
0.0304698024872988, 0.0304698024872988, 0.012331089860373, 0.012331089860373, 
0.012331089860373, 0.00812807732763184, 0.00812807732763184, 
0.00812807732763184, 0.0596433221732584, 0.0596433221732584, 
0.0596433221732584, 0.171563657113001, 0.171563657113001, 0.171563657113001, 
0.0630369107446084, 0.0630369107446084, 0.0630369107446084, 0.400808722732866, 
0.400808722732866, 0.400808722732866, 0.102634728686434, 0.102634728686434, 
0.102634728686434, 0.00945717349906159, 0.00945717349906159, 
0.00945717349906159, 0.0304698024872988, 0.0304698024872988, 
0.0304698024872988, 0.012331089860373, 0.00812807732763184, 0.0596433221732584, 
0.171563657113001, 0.0630369107446084, 0.400808722732866, 0.102634728686434, 
0.00945717349906159, 0.0304698024872988)
roi <-
c(1L, 2L, 3L, 4L, 5L, 6L, 7L, 8L, 9L, 1L, 2L, 3L, 4L, 5L, 6L, 
7L, 8L, 9L, 1L, 2L, 3L, 4L, 5L, 6L, 7L, 8L, 9L, 1L, 2L, 3L, 4L, 
5L, 6L, 7L, 8L, 9L, 1L, 2L, 3L, 4L, 5L, 6L, 7L, 8L, 9L, 1L, 1L, 
2L, 2L, 3L, 3L, 4L, 4L, 5L, 5L, 6L, 6L, 7L, 7L, 8L, 8L, 9L, 9L, 
1L, 2L, 3L, 4L, 5L, 6L, 7L, 8L, 9L, 1L, 2L, 3L, 4L, 5L, 6L, 7L, 
8L, 9L, 1L, 1L, 2L, 2L, 3L, 3L, 4L, 4L, 5L, 5L, 6L, 6L, 7L, 7L, 
8L, 8L, 9L, 9L, 1L, 2L, 3L, 4L, 5L, 6L, 7L, 8L, 9L, 1L, 2L, 3L, 
4L, 5L, 6L, 7L, 8L, 9L, 1L, 1L, 2L, 2L, 3L, 3L, 4L, 4L, 5L, 5L, 
6L, 6L, 7L, 7L, 8L, 8L, 9L, 9L, 1L, 1L, 1L, 2L, 2L, 2L, 3L, 3L, 
3L, 4L, 4L, 4L, 5L, 5L, 5L, 6L, 6L, 6L, 7L, 7L, 7L, 8L, 8L, 8L, 
9L, 9L, 9L, 1L, 2L, 3L, 4L, 5L, 6L, 7L, 8L, 9L)
male <-
c(2L, 2L, 2L, 2L, 2L, 2L, 2L, 2L, 2L, 8L, 8L, 8L, 8L, 8L, 8L, 
8L, 8L, 8L, 7L, 7L, 7L, 7L, 7L, 7L, 7L, 7L, 7L, 3L, 3L, 3L, 3L, 
3L, 3L, 3L, 3L, 3L, 6L, 6L, 6L, 6L, 6L, 6L, 6L, 6L, 6L, 4L, 6L, 
4L, 6L, 4L, 6L, 4L, 6L, 4L, 6L, 4L, 6L, 4L, 6L, 4L, 6L, 4L, 6L, 
2L, 2L, 2L, 2L, 2L, 2L, 2L, 2L, 2L, 6L, 6L, 6L, 6L, 6L, 6L, 6L, 
6L, 6L, 5L, 8L, 5L, 8L, 5L, 8L, 5L, 8L, 5L, 8L, 5L, 8L, 5L, 8L, 
5L, 8L, 5L, 8L, 8L, 8L, 8L, 8L, 8L, 8L, 8L, 8L, 8L, 6L, 6L, 6L, 
6L, 6L, 6L, 6L, 6L, 6L, 2L, 6L, 2L, 6L, 2L, 6L, 2L, 6L, 2L, 6L, 
2L, 6L, 2L, 6L, 2L, 6L, 2L, 6L, 2L, 6L, 8L, 2L, 6L, 8L, 2L, 6L, 
8L, 2L, 6L, 8L, 2L, 6L, 8L, 2L, 6L, 8L, 2L, 6L, 8L, 2L, 6L, 8L, 
2L, 6L, 8L, 2L, 2L, 2L, 2L, 2L, 2L, 2L, 2L, 2L)
fem <-
c(1L, 1L, 1L, 1L, 1L, 1L, 1L, 1L, 1L, 2L, 2L, 2L, 2L, 2L, 2L, 
2L, 2L, 2L, 3L, 3L, 3L, 3L, 3L, 3L, 3L, 3L, 3L, 4L, 4L, 4L, 4L, 
4L, 4L, 4L, 4L, 4L, 5L, 5L, 5L, 5L, 5L, 5L, 5L, 5L, 5L, 6L, 6L, 
6L, 6L, 6L, 6L, 6L, 6L, 6L, 6L, 6L, 6L, 6L, 6L, 6L, 6L, 6L, 6L, 
7L, 7L, 7L, 7L, 7L, 7L, 7L, 7L, 7L, 8L, 8L, 8L, 8L, 8L, 8L, 8L, 
8L, 8L, 9L, 9L, 9L, 9L, 9L, 9L, 9L, 9L, 9L, 9L, 9L, 9L, 9L, 9L, 
9L, 9L, 9L, 9L, 10L, 10L, 10L, 10L, 10L, 10L, 10L, 10L, 10L, 
11L, 11L, 11L, 11L, 11L, 11L, 11L, 11L, 11L, 12L, 12L, 12L, 12L, 
12L, 12L, 12L, 12L, 12L, 12L, 12L, 12L, 12L, 12L, 12L, 12L, 12L, 
12L, 13L, 13L, 13L, 13L, 13L, 13L, 13L, 13L, 13L, 13L, 13L, 13L, 
13L, 13L, 13L, 13L, 13L, 13L, 13L, 13L, 13L, 13L, 13L, 13L, 13L, 
13L, 13L, 14L, 14L, 14L, 14L, 14L, 14L, 14L, 14L, 14L)
nmale <-
8L
nfem <-
14L
nroi <-
9L
roinames <-
c("DenseFeathers", "Leg", "LongFeathers", "LowerEyeSpots", "LowerFishtails", 
"UpperEyeSpots", "UpperFishtails", "WhitePuff", "Wing")
