count <-
c(0, 42, 0, 0, 46, 199, 0, 0, 0, 0, 0, 0, 0, 0, 57, 26, 0, 0, 
0, 0, 0, 0, 0, 0, 0, 0, 0, 0, 0, 0, 0, 0, 0, 0, 0, 0, 0, 0, 0, 
0, 0, 0, 73, 0, 842, 153, 49, 24, 36, 166, 0, 0, 0, 0, 210, 108, 
47, 9, 0, 78, 0, 0, 0, 13, 0, 0, 0, 0, 44, 0, 0, 0, 0, 0, 0, 
0, 0, 0, 0, 22)
ntot <-
c(1895, 1895, 1895, 1895, 1895, 1895, 1895, 1895, 1895, 1895, 
8151, 8151, 8151, 8151, 8151, 8151, 8151, 8151, 8151, 8151, 8573, 
8573, 8573, 8573, 8573, 8573, 8573, 8573, 8573, 8573, 2027, 2027, 
2027, 2027, 2027, 2027, 2027, 2027, 2027, 2027, 6237, 6237, 6237, 
6237, 6237, 6237, 6237, 6237, 6237, 6237, 4767, 4767, 4767, 4767, 
4767, 4767, 4767, 4767, 4767, 4767, 5761, 5761, 5761, 5761, 5761, 
5761, 5761, 5761, 5761, 5761, 2690, 2690, 2690, 2690, 2690, 2690, 
2690, 2690, 2690, 2690)
pix <-
c(0.00920158945132305, 0.012331089860373, 0.00812807732763184, 
0.0596433221732584, 0.171563657113001, 0.0630369107446084, 0.400808722732866, 
0.102634728686434, 0.00945717349906159, 0.0304698024872988, 0.00920158945132305, 
0.012331089860373, 0.00812807732763184, 0.0596433221732584, 0.171563657113001, 
0.0630369107446084, 0.400808722732866, 0.102634728686434, 0.00945717349906159, 
0.0304698024872988, 0.00920158945132305, 0.012331089860373, 0.00812807732763184, 
0.0596433221732584, 0.171563657113001, 0.0630369107446084, 0.400808722732866, 
0.102634728686434, 0.00945717349906159, 0.0304698024872988, 0.00920158945132305, 
0.012331089860373, 0.00812807732763184, 0.0596433221732584, 0.171563657113001, 
0.0630369107446084, 0.400808722732866, 0.102634728686434, 0.00945717349906159, 
0.0304698024872988, 0.00920158945132305, 0.012331089860373, 0.00812807732763184, 
0.0596433221732584, 0.171563657113001, 0.0630369107446084, 0.400808722732866, 
0.102634728686434, 0.00945717349906159, 0.0304698024872988, 0.00920158945132305, 
0.012331089860373, 0.00812807732763184, 0.0596433221732584, 0.171563657113001, 
0.0630369107446084, 0.400808722732866, 0.102634728686434, 0.00945717349906159, 
0.0304698024872988, 0.00920158945132305, 0.012331089860373, 0.00812807732763184, 
0.0596433221732584, 0.171563657113001, 0.0630369107446084, 0.400808722732866, 
0.102634728686434, 0.00945717349906159, 0.0304698024872988, 0.00920158945132305, 
0.012331089860373, 0.00812807732763184, 0.0596433221732584, 0.171563657113001, 
0.0630369107446084, 0.400808722732866, 0.102634728686434, 0.00945717349906159, 
0.0304698024872988)
roi <-
c(1L, 2L, 3L, 4L, 5L, 6L, 7L, 8L, 9L, 10L, 1L, 2L, 3L, 4L, 5L, 
6L, 7L, 8L, 9L, 10L, 1L, 2L, 3L, 4L, 5L, 6L, 7L, 8L, 9L, 10L, 
1L, 2L, 3L, 4L, 5L, 6L, 7L, 8L, 9L, 10L, 1L, 2L, 3L, 4L, 5L, 
6L, 7L, 8L, 9L, 10L, 1L, 2L, 3L, 4L, 5L, 6L, 7L, 8L, 9L, 10L, 
1L, 2L, 3L, 4L, 5L, 6L, 7L, 8L, 9L, 10L, 1L, 2L, 3L, 4L, 5L, 
6L, 7L, 8L, 9L, 10L)
male <-
c(2L, 2L, 2L, 2L, 2L, 2L, 2L, 2L, 2L, 2L, 8L, 8L, 8L, 8L, 8L, 
8L, 8L, 8L, 8L, 8L, 3L, 3L, 3L, 3L, 3L, 3L, 3L, 3L, 3L, 3L, 6L, 
6L, 6L, 6L, 6L, 6L, 6L, 6L, 6L, 6L, 8L, 8L, 8L, 8L, 8L, 8L, 8L, 
8L, 8L, 8L, 2L, 2L, 2L, 2L, 2L, 2L, 2L, 2L, 2L, 2L, 6L, 6L, 6L, 
6L, 6L, 6L, 6L, 6L, 6L, 6L, 2L, 2L, 2L, 2L, 2L, 2L, 2L, 2L, 2L, 
2L)
fem <-
c(1L, 1L, 1L, 1L, 1L, 1L, 1L, 1L, 1L, 1L, 2L, 2L, 2L, 2L, 2L, 
2L, 2L, 2L, 2L, 2L, 4L, 4L, 4L, 4L, 4L, 4L, 4L, 4L, 4L, 4L, 5L, 
5L, 5L, 5L, 5L, 5L, 5L, 5L, 5L, 5L, 9L, 9L, 9L, 9L, 9L, 9L, 9L, 
9L, 9L, 9L, 12L, 12L, 12L, 12L, 12L, 12L, 12L, 12L, 12L, 12L, 
13L, 13L, 13L, 13L, 13L, 13L, 13L, 13L, 13L, 13L, 14L, 14L, 14L, 
14L, 14L, 14L, 14L, 14L, 14L, 14L)
nmale <-
8L
nfem <-
14L
nroi <-
10L
roinames <-
c("BlackFluff", "DenseFeathers", "Leg", "LongFeathers", "LowerEyeSpots", 
"LowerFishtails", "UpperEyeSpots", "UpperFishtails", "WhitePuff", 
"Wing")
