count <-
c(0, 0, 0, 0, 0, 0, 0, 0, 0, 0, 0, 0, 0, 0, 0, 0, 0, 0, 0, 0, 
0, 0, 0, 0, 0, 0, 0, 0, 0, 0, 0, 0, 0, 0, 0, 0, 0, 0, 0, 0, 0, 
0, 0, 0, 0, 0, 0, 0, 0, 0, 0, 0, 0, 0, 0, 0, 0, 0, 0, 0, 0, 0, 
0)
ntot <-
c(0, 0, 0, 0, 0, 0, 0, 0, 0, 227, 227, 227, 227, 227, 227, 227, 
227, 227, 98, 98, 98, 98, 98, 98, 98, 98, 98, 71, 71, 71, 71, 
71, 71, 71, 71, 71, 0, 0, 0, 0, 0, 0, 0, 0, 0, 255, 255, 255, 
255, 255, 255, 255, 255, 255, 259, 259, 259, 259, 259, 259, 259, 
259, 259)
pix <-
c(0.012331089860373, 0.00812807732763184, 0.0596433221732584, 
0.171563657113001, 0.0630369107446084, 0.400808722732866, 0.102634728686434, 
0.00945717349906159, 0.0304698024872988, 0.012331089860373, 0.00812807732763184, 
0.0596433221732584, 0.171563657113001, 0.0630369107446084, 0.400808722732866, 
0.102634728686434, 0.00945717349906159, 0.0304698024872988, 0.012331089860373, 
0.00812807732763184, 0.0596433221732584, 0.171563657113001, 0.0630369107446084, 
0.400808722732866, 0.102634728686434, 0.00945717349906159, 0.0304698024872988, 
0.012331089860373, 0.00812807732763184, 0.0596433221732584, 0.171563657113001, 
0.0630369107446084, 0.400808722732866, 0.102634728686434, 0.00945717349906159, 
0.0304698024872988, 0.012331089860373, 0.00812807732763184, 0.0596433221732584, 
0.171563657113001, 0.0630369107446084, 0.400808722732866, 0.102634728686434, 
0.00945717349906159, 0.0304698024872988, 0.012331089860373, 0.00812807732763184, 
0.0596433221732584, 0.171563657113001, 0.0630369107446084, 0.400808722732866, 
0.102634728686434, 0.00945717349906159, 0.0304698024872988, 0.012331089860373, 
0.00812807732763184, 0.0596433221732584, 0.171563657113001, 0.0630369107446084, 
0.400808722732866, 0.102634728686434, 0.00945717349906159, 0.0304698024872988
)
roi <-
c(2L, 3L, 4L, 5L, 6L, 7L, 8L, 9L, 10L, 2L, 3L, 4L, 5L, 6L, 7L, 
8L, 9L, 10L, 2L, 3L, 4L, 5L, 6L, 7L, 8L, 9L, 10L, 2L, 3L, 4L, 
5L, 6L, 7L, 8L, 9L, 10L, 2L, 3L, 4L, 5L, 6L, 7L, 8L, 9L, 10L, 
2L, 3L, 4L, 5L, 6L, 7L, 8L, 9L, 10L, 2L, 3L, 4L, 5L, 6L, 7L, 
8L, 9L, 10L)
male <-
c(8L, 8L, 8L, 8L, 8L, 8L, 8L, 8L, 8L, 3L, 3L, 3L, 3L, 3L, 3L, 
3L, 3L, 3L, 6L, 6L, 6L, 6L, 6L, 6L, 6L, 6L, 6L, 8L, 8L, 8L, 8L, 
8L, 8L, 8L, 8L, 8L, 2L, 2L, 2L, 2L, 2L, 2L, 2L, 2L, 2L, 6L, 6L, 
6L, 6L, 6L, 6L, 6L, 6L, 6L, 2L, 2L, 2L, 2L, 2L, 2L, 2L, 2L, 2L
)
fem <-
c(2L, 2L, 2L, 2L, 2L, 2L, 2L, 2L, 2L, 4L, 4L, 4L, 4L, 4L, 4L, 
4L, 4L, 4L, 5L, 5L, 5L, 5L, 5L, 5L, 5L, 5L, 5L, 9L, 9L, 9L, 9L, 
9L, 9L, 9L, 9L, 9L, 12L, 12L, 12L, 12L, 12L, 12L, 12L, 12L, 12L, 
13L, 13L, 13L, 13L, 13L, 13L, 13L, 13L, 13L, 14L, 14L, 14L, 14L, 
14L, 14L, 14L, 14L, 14L)
nmale <-
8L
nfem <-
14L
nroi <-
10L
roinames <-
c("BlackFluff", "DenseFeathers", "Leg", "LongFeathers", "LowerEyeSpots", 
"LowerFishtails", "UpperEyeSpots", "UpperFishtails", "WhitePuff", 
"Wing")
