count <-
c(180, 0, 0, 333, 305, 0, 0, 0, 80, 0, 0, 0, 0, 0, 0, 18, 99, 
0, 159, 0, 185, 0, 18, 0, 0, 0, 122, 0, 0, 0, 0, 0, 21, 9, 0, 
16, 0, 75, 48, 459, 395, 442, 54, 97, 0, 0, 0, 0, 0, 0, 0, 0, 
0, 0, 0, 0, 0, 0, 0, 0, 0, 0, 0, 0, 0, 0, 0, 0, 0, 0, 459, 0, 
9, 0, 0, 0, 0, 0, 0, 0, 0, 0, 0, 0, 0, 0, 0, 0, 0, 0, 0, 0, 0, 
0, 0, 0, 0, 0, 0, 0, 0, 0, 148, 41, 0, 0, 0, 0, 0, 0, 0, 0, 117, 
0, 0, 0, 0, 0, 0, 0, 0, 0, 0, 0, 0, 0, 0, 0, 0, 0, 0, 0, 298, 
0, 479, 0, 0, 0, 15, 0, 0, 0, 0, 0, 56, 0, 79, 0, 60, 0, 1197, 
0, 191, 72, 991, 0, 121, 0, 212, 0, 200, 10)
ntot <-
c(10981, 10981, 10981, 10981, 10981, 10981, 10981, 10981, 10981, 
948, 2075, 948, 2075, 948, 2075, 948, 2075, 948, 2075, 948, 2075, 
948, 2075, 948, 2075, 948, 2075, 61, 61, 61, 61, 61, 61, 61, 
61, 61, 3580, 3580, 3580, 3580, 3580, 3580, 3580, 3580, 3580, 
760, 329, 760, 329, 760, 329, 760, 329, 760, 329, 760, 329, 760, 
329, 760, 329, 760, 329, 989, 14955, 989, 14955, 989, 14955, 
989, 14955, 989, 14955, 989, 14955, 989, 14955, 989, 14955, 989, 
14955, 558, 229, 558, 229, 558, 229, 558, 229, 558, 229, 558, 
229, 558, 229, 558, 229, 558, 229, 2071, 2071, 2071, 2071, 2071, 
2071, 2071, 2071, 2071, 1264, 1264, 1264, 1264, 1264, 1264, 1264, 
1264, 1264, 1166, 1166, 1166, 1166, 1166, 1166, 1166, 1166, 1166, 
4096, 55, 4096, 55, 4096, 55, 4096, 55, 4096, 55, 4096, 55, 4096, 
55, 4096, 55, 4096, 55, 8691, 1810, 8691, 1810, 8691, 1810, 8691, 
1810, 8691, 1810, 8691, 1810, 8691, 1810, 8691, 1810, 8691, 1810
)
pix <-
c(0.012331089860373, 0.00812807732763184, 0.0596433221732584, 
0.171563657113001, 0.0630369107446084, 0.400808722732866, 0.102634728686434, 
0.00945717349906159, 0.0304698024872988, 0.012331089860373, 0.012331089860373, 
0.00812807732763184, 0.00812807732763184, 0.0596433221732584, 
0.0596433221732584, 0.171563657113001, 0.171563657113001, 0.0630369107446084, 
0.0630369107446084, 0.400808722732866, 0.400808722732866, 0.102634728686434, 
0.102634728686434, 0.00945717349906159, 0.00945717349906159, 
0.0304698024872988, 0.0304698024872988, 0.012331089860373, 0.00812807732763184, 
0.0596433221732584, 0.171563657113001, 0.0630369107446084, 0.400808722732866, 
0.102634728686434, 0.00945717349906159, 0.0304698024872988, 0.012331089860373, 
0.00812807732763184, 0.0596433221732584, 0.171563657113001, 0.0630369107446084, 
0.400808722732866, 0.102634728686434, 0.00945717349906159, 0.0304698024872988, 
0.012331089860373, 0.012331089860373, 0.00812807732763184, 0.00812807732763184, 
0.0596433221732584, 0.0596433221732584, 0.171563657113001, 0.171563657113001, 
0.0630369107446084, 0.0630369107446084, 0.400808722732866, 0.400808722732866, 
0.102634728686434, 0.102634728686434, 0.00945717349906159, 0.00945717349906159, 
0.0304698024872988, 0.0304698024872988, 0.012331089860373, 0.012331089860373, 
0.00812807732763184, 0.00812807732763184, 0.0596433221732584, 
0.0596433221732584, 0.171563657113001, 0.171563657113001, 0.0630369107446084, 
0.0630369107446084, 0.400808722732866, 0.400808722732866, 0.102634728686434, 
0.102634728686434, 0.00945717349906159, 0.00945717349906159, 
0.0304698024872988, 0.0304698024872988, 0.012331089860373, 0.012331089860373, 
0.00812807732763184, 0.00812807732763184, 0.0596433221732584, 
0.0596433221732584, 0.171563657113001, 0.171563657113001, 0.0630369107446084, 
0.0630369107446084, 0.400808722732866, 0.400808722732866, 0.102634728686434, 
0.102634728686434, 0.00945717349906159, 0.00945717349906159, 
0.0304698024872988, 0.0304698024872988, 0.012331089860373, 0.00812807732763184, 
0.0596433221732584, 0.171563657113001, 0.0630369107446084, 0.400808722732866, 
0.102634728686434, 0.00945717349906159, 0.0304698024872988, 0.012331089860373, 
0.00812807732763184, 0.0596433221732584, 0.171563657113001, 0.0630369107446084, 
0.400808722732866, 0.102634728686434, 0.00945717349906159, 0.0304698024872988, 
0.012331089860373, 0.00812807732763184, 0.0596433221732584, 0.171563657113001, 
0.0630369107446084, 0.400808722732866, 0.102634728686434, 0.00945717349906159, 
0.0304698024872988, 0.012331089860373, 0.012331089860373, 0.00812807732763184, 
0.00812807732763184, 0.0596433221732584, 0.0596433221732584, 
0.171563657113001, 0.171563657113001, 0.0630369107446084, 0.0630369107446084, 
0.400808722732866, 0.400808722732866, 0.102634728686434, 0.102634728686434, 
0.00945717349906159, 0.00945717349906159, 0.0304698024872988, 
0.0304698024872988, 0.012331089860373, 0.012331089860373, 0.00812807732763184, 
0.00812807732763184, 0.0596433221732584, 0.0596433221732584, 
0.171563657113001, 0.171563657113001, 0.0630369107446084, 0.0630369107446084, 
0.400808722732866, 0.400808722732866, 0.102634728686434, 0.102634728686434, 
0.00945717349906159, 0.00945717349906159, 0.0304698024872988, 
0.0304698024872988)
roi <-
c(1L, 2L, 3L, 4L, 5L, 6L, 7L, 8L, 9L, 1L, 1L, 2L, 2L, 3L, 3L, 
4L, 4L, 5L, 5L, 6L, 6L, 7L, 7L, 8L, 8L, 9L, 9L, 1L, 2L, 3L, 4L, 
5L, 6L, 7L, 8L, 9L, 1L, 2L, 3L, 4L, 5L, 6L, 7L, 8L, 9L, 1L, 1L, 
2L, 2L, 3L, 3L, 4L, 4L, 5L, 5L, 6L, 6L, 7L, 7L, 8L, 8L, 9L, 9L, 
1L, 1L, 2L, 2L, 3L, 3L, 4L, 4L, 5L, 5L, 6L, 6L, 7L, 7L, 8L, 8L, 
9L, 9L, 1L, 1L, 2L, 2L, 3L, 3L, 4L, 4L, 5L, 5L, 6L, 6L, 7L, 7L, 
8L, 8L, 9L, 9L, 1L, 2L, 3L, 4L, 5L, 6L, 7L, 8L, 9L, 1L, 2L, 3L, 
4L, 5L, 6L, 7L, 8L, 9L, 1L, 2L, 3L, 4L, 5L, 6L, 7L, 8L, 9L, 1L, 
1L, 2L, 2L, 3L, 3L, 4L, 4L, 5L, 5L, 6L, 6L, 7L, 7L, 8L, 8L, 9L, 
9L, 1L, 1L, 2L, 2L, 3L, 3L, 4L, 4L, 5L, 5L, 6L, 6L, 7L, 7L, 8L, 
8L, 9L, 9L)
male <-
c(2L, 2L, 2L, 2L, 2L, 2L, 2L, 2L, 2L, 6L, 7L, 6L, 7L, 6L, 7L, 
6L, 7L, 6L, 7L, 6L, 7L, 6L, 7L, 6L, 7L, 6L, 7L, 5L, 5L, 5L, 5L, 
5L, 5L, 5L, 5L, 5L, 6L, 6L, 6L, 6L, 6L, 6L, 6L, 6L, 6L, 4L, 6L, 
4L, 6L, 4L, 6L, 4L, 6L, 4L, 6L, 4L, 6L, 4L, 6L, 4L, 6L, 4L, 6L, 
1L, 2L, 1L, 2L, 1L, 2L, 1L, 2L, 1L, 2L, 1L, 2L, 1L, 2L, 1L, 2L, 
1L, 2L, 4L, 6L, 4L, 6L, 4L, 6L, 4L, 6L, 4L, 6L, 4L, 6L, 4L, 6L, 
4L, 6L, 4L, 6L, 5L, 5L, 5L, 5L, 5L, 5L, 5L, 5L, 5L, 8L, 8L, 8L, 
8L, 8L, 8L, 8L, 8L, 8L, 6L, 6L, 6L, 6L, 6L, 6L, 6L, 6L, 6L, 2L, 
6L, 2L, 6L, 2L, 6L, 2L, 6L, 2L, 6L, 2L, 6L, 2L, 6L, 2L, 6L, 2L, 
6L, 2L, 8L, 2L, 8L, 2L, 8L, 2L, 8L, 2L, 8L, 2L, 8L, 2L, 8L, 2L, 
8L, 2L, 8L)
fem <-
c(1L, 1L, 1L, 1L, 1L, 1L, 1L, 1L, 1L, 3L, 3L, 3L, 3L, 3L, 3L, 
3L, 3L, 3L, 3L, 3L, 3L, 3L, 3L, 3L, 3L, 3L, 3L, 4L, 4L, 4L, 4L, 
4L, 4L, 4L, 4L, 4L, 5L, 5L, 5L, 5L, 5L, 5L, 5L, 5L, 5L, 6L, 6L, 
6L, 6L, 6L, 6L, 6L, 6L, 6L, 6L, 6L, 6L, 6L, 6L, 6L, 6L, 6L, 6L, 
7L, 7L, 7L, 7L, 7L, 7L, 7L, 7L, 7L, 7L, 7L, 7L, 7L, 7L, 7L, 7L, 
7L, 7L, 8L, 8L, 8L, 8L, 8L, 8L, 8L, 8L, 8L, 8L, 8L, 8L, 8L, 8L, 
8L, 8L, 8L, 8L, 9L, 9L, 9L, 9L, 9L, 9L, 9L, 9L, 9L, 10L, 10L, 
10L, 10L, 10L, 10L, 10L, 10L, 10L, 11L, 11L, 11L, 11L, 11L, 11L, 
11L, 11L, 11L, 12L, 12L, 12L, 12L, 12L, 12L, 12L, 12L, 12L, 12L, 
12L, 12L, 12L, 12L, 12L, 12L, 12L, 12L, 13L, 13L, 13L, 13L, 13L, 
13L, 13L, 13L, 13L, 13L, 13L, 13L, 13L, 13L, 13L, 13L, 13L, 13L
)
nmale <-
8L
nfem <-
14L
nroi <-
9L
roinames <-
c("DenseFeathers", "Leg", "LongFeathers", "LowerEyeSpots", "LowerFishtails", 
"UpperEyeSpots", "UpperFishtails", "WhitePuff", "Wing")
