count <-
c(250, 92, 124, 69, 193, 284, 15, 229, 50, 0, 240, 10, 0, 63, 
0, 62, 0, 11, 0, 0, 0, 68, 0, 22, 94, 0, 134, 0, 51, 0, 0, 0, 
18, 0, 36, 15, 171, 645, 140, 53, 8, 328, 66, 0, 387, 0, 17, 
169, 28, 0, 112, 0, 82, 0, 0, 175, 0, 57, 0, 153, 0, 0, 0, 264, 
0, 172, 0, 22, 0, 247, 0, 28, 0, 55, 0, 95, 0, 104, 0, 0, 63, 
56, 0, 62, 0, 37, 126, 35, 48, 80, 56, 256, 28, 0, 27, 34, 645, 
1048, 426, 265, 282, 276, 284, 363, 153, 1461, 0, 430, 0, 196, 
55, 450, 58, 386, 18, 155, 190, 732, 543, 546, 293, 51, 244, 
158, 46, 118, 172, 39, 0, 314, 14, 124, 24, 66, 16, 0, 15, 0)
ntot <-
c(22390, 22390, 22390, 22390, 22390, 22390, 8612, 8612, 8612, 
8612, 8612, 8612, 930, 3105, 930, 3105, 930, 3105, 930, 3105, 
930, 3105, 930, 3105, 8906, 30, 8906, 30, 8906, 30, 8906, 30, 
8906, 30, 8906, 30, 22618, 22618, 22618, 22618, 22618, 22618, 
5295, 3155, 5295, 3155, 5295, 3155, 5295, 3155, 5295, 3155, 5295, 
3155, 989, 20326, 989, 20326, 989, 20326, 989, 20326, 989, 20326, 
989, 20326, 558, 4442, 558, 4442, 558, 4442, 558, 4442, 558, 
4442, 558, 4442, 5043, 5164, 5043, 5164, 5043, 5164, 5043, 5164, 
5043, 5164, 5043, 5164, 3601, 3601, 3601, 3601, 3601, 3601, 51746, 
51746, 51746, 51746, 51746, 51746, 12945, 38250, 12945, 38250, 
12945, 38250, 12945, 38250, 12945, 38250, 12945, 38250, 20368, 
6552, 12062, 20368, 6552, 12062, 20368, 6552, 12062, 20368, 6552, 
12062, 20368, 6552, 12062, 20368, 6552, 12062, 2789, 2789, 2789, 
2789, 2789, 2789)
pix <-
c(0.0244557022941172, 0.0808934338885872, 0.0448691796313738, 
0.0107597879814931, 0.0421457042878062, 0.0406926625372098, 0.0244557022941172, 
0.0808934338885872, 0.0448691796313738, 0.0107597879814931, 0.0421457042878062, 
0.0406926625372098, 0.0244557022941172, 0.0244557022941172, 0.0808934338885872, 
0.0808934338885872, 0.0448691796313738, 0.0448691796313738, 0.0107597879814931, 
0.0107597879814931, 0.0421457042878062, 0.0421457042878062, 0.0406926625372098, 
0.0406926625372098, 0.0244557022941172, 0.0244557022941172, 0.0808934338885872, 
0.0808934338885872, 0.0448691796313738, 0.0448691796313738, 0.0107597879814931, 
0.0107597879814931, 0.0421457042878062, 0.0421457042878062, 0.0406926625372098, 
0.0406926625372098, 0.0244557022941172, 0.0808934338885872, 0.0448691796313738, 
0.0107597879814931, 0.0421457042878062, 0.0406926625372098, 0.0244557022941172, 
0.0244557022941172, 0.0808934338885872, 0.0808934338885872, 0.0448691796313738, 
0.0448691796313738, 0.0107597879814931, 0.0107597879814931, 0.0421457042878062, 
0.0421457042878062, 0.0406926625372098, 0.0406926625372098, 0.0244557022941172, 
0.0244557022941172, 0.0808934338885872, 0.0808934338885872, 0.0448691796313738, 
0.0448691796313738, 0.0107597879814931, 0.0107597879814931, 0.0421457042878062, 
0.0421457042878062, 0.0406926625372098, 0.0406926625372098, 0.0244557022941172, 
0.0244557022941172, 0.0808934338885872, 0.0808934338885872, 0.0448691796313738, 
0.0448691796313738, 0.0107597879814931, 0.0107597879814931, 0.0421457042878062, 
0.0421457042878062, 0.0406926625372098, 0.0406926625372098, 0.0244557022941172, 
0.0244557022941172, 0.0808934338885872, 0.0808934338885872, 0.0448691796313738, 
0.0448691796313738, 0.0107597879814931, 0.0107597879814931, 0.0421457042878062, 
0.0421457042878062, 0.0406926625372098, 0.0406926625372098, 0.0244557022941172, 
0.0808934338885872, 0.0448691796313738, 0.0107597879814931, 0.0421457042878062, 
0.0406926625372098, 0.0244557022941172, 0.0808934338885872, 0.0448691796313738, 
0.0107597879814931, 0.0421457042878062, 0.0406926625372098, 0.0244557022941172, 
0.0244557022941172, 0.0808934338885872, 0.0808934338885872, 0.0448691796313738, 
0.0448691796313738, 0.0107597879814931, 0.0107597879814931, 0.0421457042878062, 
0.0421457042878062, 0.0406926625372098, 0.0406926625372098, 0.0244557022941172, 
0.0244557022941172, 0.0244557022941172, 0.0808934338885872, 0.0808934338885872, 
0.0808934338885872, 0.0448691796313738, 0.0448691796313738, 0.0448691796313738, 
0.0107597879814931, 0.0107597879814931, 0.0107597879814931, 0.0421457042878062, 
0.0421457042878062, 0.0421457042878062, 0.0406926625372098, 0.0406926625372098, 
0.0406926625372098, 0.0244557022941172, 0.0808934338885872, 0.0448691796313738, 
0.0107597879814931, 0.0421457042878062, 0.0406926625372098)
roi <-
c(1L, 2L, 3L, 4L, 5L, 6L, 1L, 2L, 3L, 4L, 5L, 6L, 1L, 1L, 2L, 
2L, 3L, 3L, 4L, 4L, 5L, 5L, 6L, 6L, 1L, 1L, 2L, 2L, 3L, 3L, 4L, 
4L, 5L, 5L, 6L, 6L, 1L, 2L, 3L, 4L, 5L, 6L, 1L, 1L, 2L, 2L, 3L, 
3L, 4L, 4L, 5L, 5L, 6L, 6L, 1L, 1L, 2L, 2L, 3L, 3L, 4L, 4L, 5L, 
5L, 6L, 6L, 1L, 1L, 2L, 2L, 3L, 3L, 4L, 4L, 5L, 5L, 6L, 6L, 1L, 
1L, 2L, 2L, 3L, 3L, 4L, 4L, 5L, 5L, 6L, 6L, 1L, 2L, 3L, 4L, 5L, 
6L, 1L, 2L, 3L, 4L, 5L, 6L, 1L, 1L, 2L, 2L, 3L, 3L, 4L, 4L, 5L, 
5L, 6L, 6L, 1L, 1L, 1L, 2L, 2L, 2L, 3L, 3L, 3L, 4L, 4L, 4L, 5L, 
5L, 5L, 6L, 6L, 6L, 1L, 2L, 3L, 4L, 5L, 6L)
male <-
c(2L, 2L, 2L, 2L, 2L, 2L, 8L, 8L, 8L, 8L, 8L, 8L, 6L, 7L, 6L, 
7L, 6L, 7L, 6L, 7L, 6L, 7L, 6L, 7L, 3L, 5L, 3L, 5L, 3L, 5L, 3L, 
5L, 3L, 5L, 3L, 5L, 6L, 6L, 6L, 6L, 6L, 6L, 4L, 6L, 4L, 6L, 4L, 
6L, 4L, 6L, 4L, 6L, 4L, 6L, 1L, 2L, 1L, 2L, 1L, 2L, 1L, 2L, 1L, 
2L, 1L, 2L, 4L, 6L, 4L, 6L, 4L, 6L, 4L, 6L, 4L, 6L, 4L, 6L, 5L, 
8L, 5L, 8L, 5L, 8L, 5L, 8L, 5L, 8L, 5L, 8L, 8L, 8L, 8L, 8L, 8L, 
8L, 6L, 6L, 6L, 6L, 6L, 6L, 2L, 6L, 2L, 6L, 2L, 6L, 2L, 6L, 2L, 
6L, 2L, 6L, 2L, 6L, 8L, 2L, 6L, 8L, 2L, 6L, 8L, 2L, 6L, 8L, 2L, 
6L, 8L, 2L, 6L, 8L, 2L, 2L, 2L, 2L, 2L, 2L)
fem <-
c(1L, 1L, 1L, 1L, 1L, 1L, 2L, 2L, 2L, 2L, 2L, 2L, 3L, 3L, 3L, 
3L, 3L, 3L, 3L, 3L, 3L, 3L, 3L, 3L, 4L, 4L, 4L, 4L, 4L, 4L, 4L, 
4L, 4L, 4L, 4L, 4L, 5L, 5L, 5L, 5L, 5L, 5L, 6L, 6L, 6L, 6L, 6L, 
6L, 6L, 6L, 6L, 6L, 6L, 6L, 7L, 7L, 7L, 7L, 7L, 7L, 7L, 7L, 7L, 
7L, 7L, 7L, 8L, 8L, 8L, 8L, 8L, 8L, 8L, 8L, 8L, 8L, 8L, 8L, 9L, 
9L, 9L, 9L, 9L, 9L, 9L, 9L, 9L, 9L, 9L, 9L, 10L, 10L, 10L, 10L, 
10L, 10L, 11L, 11L, 11L, 11L, 11L, 11L, 12L, 12L, 12L, 12L, 12L, 
12L, 12L, 12L, 12L, 12L, 12L, 12L, 13L, 13L, 13L, 13L, 13L, 13L, 
13L, 13L, 13L, 13L, 13L, 13L, 13L, 13L, 13L, 13L, 13L, 13L, 14L, 
14L, 14L, 14L, 14L, 14L)
nmale <-
8L
nfem <-
14L
nroi <-
6L
roinames <-
c("BrownTail", "BrownWingBrownBody", "GreenNeck", "HeadCrest", 
"Leg", "WhiteChest")
