count <-
c(32, 23, 74, 34, 46, 239, 15, 229, 50, 0, 240, 10, 8, 134, 51, 
0, 18, 36, 0, 170, 0, 53, 0, 158, 0, 56, 62, 37, 35, 80, 52, 
124, 0, 0, 40, 58, 155, 543, 51, 46, 39, 14, 24, 66, 16, 0, 15, 
0)
ntot <-
c(2056, 2056, 2056, 2056, 2056, 2056, 8612, 8612, 8612, 8612, 
8612, 8612, 8593, 8593, 8593, 8593, 8593, 8593, 2310, 2310, 2310, 
2310, 2310, 2310, 5093, 5093, 5093, 5093, 5093, 5093, 4589, 4589, 
4589, 4589, 4589, 4589, 6297, 6297, 6297, 6297, 6297, 6297, 2530, 
2530, 2530, 2530, 2530, 2530)
pix <-
c(0.0244557022941172, 0.0808934338885872, 0.0448691796313738, 
0.0107597879814931, 0.0421457042878062, 0.0406926625372098, 0.0244557022941172, 
0.0808934338885872, 0.0448691796313738, 0.0107597879814931, 0.0421457042878062, 
0.0406926625372098, 0.0244557022941172, 0.0808934338885872, 0.0448691796313738, 
0.0107597879814931, 0.0421457042878062, 0.0406926625372098, 0.0244557022941172, 
0.0808934338885872, 0.0448691796313738, 0.0107597879814931, 0.0421457042878062, 
0.0406926625372098, 0.0244557022941172, 0.0808934338885872, 0.0448691796313738, 
0.0107597879814931, 0.0421457042878062, 0.0406926625372098, 0.0244557022941172, 
0.0808934338885872, 0.0448691796313738, 0.0107597879814931, 0.0421457042878062, 
0.0406926625372098, 0.0244557022941172, 0.0808934338885872, 0.0448691796313738, 
0.0107597879814931, 0.0421457042878062, 0.0406926625372098, 0.0244557022941172, 
0.0808934338885872, 0.0448691796313738, 0.0107597879814931, 0.0421457042878062, 
0.0406926625372098)
roi <-
c(1L, 2L, 3L, 4L, 5L, 6L, 1L, 2L, 3L, 4L, 5L, 6L, 1L, 2L, 3L, 
4L, 5L, 6L, 1L, 2L, 3L, 4L, 5L, 6L, 1L, 2L, 3L, 4L, 5L, 6L, 1L, 
2L, 3L, 4L, 5L, 6L, 1L, 2L, 3L, 4L, 5L, 6L, 1L, 2L, 3L, 4L, 5L, 
6L)
male <-
c(2L, 2L, 2L, 2L, 2L, 2L, 8L, 8L, 8L, 8L, 8L, 8L, 3L, 3L, 3L, 
3L, 3L, 3L, 6L, 6L, 6L, 6L, 6L, 6L, 8L, 8L, 8L, 8L, 8L, 8L, 2L, 
2L, 2L, 2L, 2L, 2L, 6L, 6L, 6L, 6L, 6L, 6L, 2L, 2L, 2L, 2L, 2L, 
2L)
fem <-
c(1L, 1L, 1L, 1L, 1L, 1L, 2L, 2L, 2L, 2L, 2L, 2L, 4L, 4L, 4L, 
4L, 4L, 4L, 5L, 5L, 5L, 5L, 5L, 5L, 9L, 9L, 9L, 9L, 9L, 9L, 12L, 
12L, 12L, 12L, 12L, 12L, 13L, 13L, 13L, 13L, 13L, 13L, 14L, 14L, 
14L, 14L, 14L, 14L)
nmale <-
8L
nfem <-
14L
nroi <-
6L
roinames <-
c("BrownTail", "BrownWingBrownBody", "GreenNeck", "HeadCrest", 
"Leg", "WhiteChest")
