count <-
c(53, 69, 50, 35, 8, 45, 63, 62, 11, 0, 68, 22, 171, 475, 140, 
0, 8, 170, 66, 0, 387, 0, 17, 169, 28, 0, 112, 0, 82, 0, 99, 
57, 64, 0, 160, 12, 22, 247, 28, 55, 95, 104, 0, 63, 0, 0, 126, 
48, 0, 256, 28, 0, 27, 34, 645, 1048, 426, 265, 282, 276, 232, 
363, 29, 1461, 0, 430, 0, 196, 15, 450, 0, 386, 18, 190, 732, 
546, 293, 244, 138, 118, 172, 0, 314, 124)
ntot <-
c(9947, 9947, 9947, 9947, 9947, 9947, 1613, 1613, 1613, 1613, 
1613, 1613, 18200, 18200, 18200, 18200, 18200, 18200, 4535, 2826, 
4535, 2826, 4535, 2826, 4535, 2826, 4535, 2826, 4535, 2826, 5410, 
5410, 5410, 5410, 5410, 5410, 4213, 4213, 4213, 4213, 4213, 4213, 
3161, 3161, 3161, 3161, 3161, 3161, 2398, 2398, 2398, 2398, 2398, 
2398, 50580, 50580, 50580, 50580, 50580, 50580, 5052, 38195, 
5052, 38195, 5052, 38195, 5052, 38195, 5052, 38195, 5052, 38195, 
14764, 10334, 14764, 10334, 14764, 10334, 14764, 10334, 14764, 
10334, 14764, 10334)
pix <-
c(0.0244557022941172, 0.0808934338885872, 0.0448691796313738, 
0.0107597879814931, 0.0421457042878062, 0.0406926625372098, 0.0244557022941172, 
0.0808934338885872, 0.0448691796313738, 0.0107597879814931, 0.0421457042878062, 
0.0406926625372098, 0.0244557022941172, 0.0808934338885872, 0.0448691796313738, 
0.0107597879814931, 0.0421457042878062, 0.0406926625372098, 0.0244557022941172, 
0.0244557022941172, 0.0808934338885872, 0.0808934338885872, 0.0448691796313738, 
0.0448691796313738, 0.0107597879814931, 0.0107597879814931, 0.0421457042878062, 
0.0421457042878062, 0.0406926625372098, 0.0406926625372098, 0.0244557022941172, 
0.0808934338885872, 0.0448691796313738, 0.0107597879814931, 0.0421457042878062, 
0.0406926625372098, 0.0244557022941172, 0.0808934338885872, 0.0448691796313738, 
0.0107597879814931, 0.0421457042878062, 0.0406926625372098, 0.0244557022941172, 
0.0808934338885872, 0.0448691796313738, 0.0107597879814931, 0.0421457042878062, 
0.0406926625372098, 0.0244557022941172, 0.0808934338885872, 0.0448691796313738, 
0.0107597879814931, 0.0421457042878062, 0.0406926625372098, 0.0244557022941172, 
0.0808934338885872, 0.0448691796313738, 0.0107597879814931, 0.0421457042878062, 
0.0406926625372098, 0.0244557022941172, 0.0244557022941172, 0.0808934338885872, 
0.0808934338885872, 0.0448691796313738, 0.0448691796313738, 0.0107597879814931, 
0.0107597879814931, 0.0421457042878062, 0.0421457042878062, 0.0406926625372098, 
0.0406926625372098, 0.0244557022941172, 0.0244557022941172, 0.0808934338885872, 
0.0808934338885872, 0.0448691796313738, 0.0448691796313738, 0.0107597879814931, 
0.0107597879814931, 0.0421457042878062, 0.0421457042878062, 0.0406926625372098, 
0.0406926625372098)
roi <-
c(1L, 2L, 3L, 4L, 5L, 6L, 1L, 2L, 3L, 4L, 5L, 6L, 1L, 2L, 3L, 
4L, 5L, 6L, 1L, 1L, 2L, 2L, 3L, 3L, 4L, 4L, 5L, 5L, 6L, 6L, 1L, 
2L, 3L, 4L, 5L, 6L, 1L, 2L, 3L, 4L, 5L, 6L, 1L, 2L, 3L, 4L, 5L, 
6L, 1L, 2L, 3L, 4L, 5L, 6L, 1L, 2L, 3L, 4L, 5L, 6L, 1L, 1L, 2L, 
2L, 3L, 3L, 4L, 4L, 5L, 5L, 6L, 6L, 1L, 1L, 2L, 2L, 3L, 3L, 4L, 
4L, 5L, 5L, 6L, 6L)
male <-
c(2L, 2L, 2L, 2L, 2L, 2L, 7L, 7L, 7L, 7L, 7L, 7L, 6L, 6L, 6L, 
6L, 6L, 6L, 4L, 6L, 4L, 6L, 4L, 6L, 4L, 6L, 4L, 6L, 4L, 6L, 2L, 
2L, 2L, 2L, 2L, 2L, 6L, 6L, 6L, 6L, 6L, 6L, 5L, 5L, 5L, 5L, 5L, 
5L, 8L, 8L, 8L, 8L, 8L, 8L, 6L, 6L, 6L, 6L, 6L, 6L, 2L, 6L, 2L, 
6L, 2L, 6L, 2L, 6L, 2L, 6L, 2L, 6L, 2L, 8L, 2L, 8L, 2L, 8L, 2L, 
8L, 2L, 8L, 2L, 8L)
fem <-
c(1L, 1L, 1L, 1L, 1L, 1L, 3L, 3L, 3L, 3L, 3L, 3L, 5L, 5L, 5L, 
5L, 5L, 5L, 6L, 6L, 6L, 6L, 6L, 6L, 6L, 6L, 6L, 6L, 6L, 6L, 7L, 
7L, 7L, 7L, 7L, 7L, 8L, 8L, 8L, 8L, 8L, 8L, 9L, 9L, 9L, 9L, 9L, 
9L, 10L, 10L, 10L, 10L, 10L, 10L, 11L, 11L, 11L, 11L, 11L, 11L, 
12L, 12L, 12L, 12L, 12L, 12L, 12L, 12L, 12L, 12L, 12L, 12L, 13L, 
13L, 13L, 13L, 13L, 13L, 13L, 13L, 13L, 13L, 13L, 13L)
nmale <-
8L
nfem <-
14L
nroi <-
6L
roinames <-
c("BrownTail", "BrownWingBrownBody", "GreenNeck", "HeadCrest", 
"Leg", "WhiteChest")
