count <-
c(165, 0, 0, 0, 139, 0, 0, 0, 0, 0, 0, 0, 0, 0, 0, 0, 0, 0, 0, 
0, 0, 0, 0, 15, 0, 0, 0, 0, 0, 0, 0, 0, 0, 0, 0, 0, 0, 0, 0, 
0, 0, 0, 0, 76, 0, 0, 0, 89, 0, 0, 0, 104, 0, 160, 0, 0, 0, 0, 
0, 0, 0, 0, 0, 0, 0, 0, 0, 0, 0, 0, 0, 0, 56, 0, 0, 0, 0, 0, 
0, 0, 0, 0, 0, 0, 0, 0, 0, 0, 0, 0, 0, 0, 0, 0, 0, 0, 0, 0, 0, 
0, 0, 0, 20, 0, 0, 0, 0, 0)
ntot <-
c(10387, 10387, 10387, 10387, 10387, 10387, 930, 1492, 930, 1492, 
930, 1492, 930, 1492, 930, 1492, 930, 1492, 30, 30, 30, 30, 30, 
30, 2010, 2010, 2010, 2010, 2010, 2010, 760, 329, 760, 329, 760, 
329, 760, 329, 760, 329, 760, 329, 989, 14916, 989, 14916, 989, 
14916, 989, 14916, 989, 14916, 989, 14916, 558, 229, 558, 229, 
558, 229, 558, 229, 558, 229, 558, 229, 1882, 1882, 1882, 1882, 
1882, 1882, 1203, 1203, 1203, 1203, 1203, 1203, 1166, 1166, 1166, 
1166, 1166, 1166, 3304, 55, 3304, 55, 3304, 55, 3304, 55, 3304, 
55, 3304, 55, 5604, 1728, 5604, 1728, 5604, 1728, 5604, 1728, 
5604, 1728, 5604, 1728)
pix <-
c(0.0244557022941172, 0.0808934338885872, 0.0448691796313738, 
0.0107597879814931, 0.0421457042878062, 0.0406926625372098, 0.0244557022941172, 
0.0244557022941172, 0.0808934338885872, 0.0808934338885872, 0.0448691796313738, 
0.0448691796313738, 0.0107597879814931, 0.0107597879814931, 0.0421457042878062, 
0.0421457042878062, 0.0406926625372098, 0.0406926625372098, 0.0244557022941172, 
0.0808934338885872, 0.0448691796313738, 0.0107597879814931, 0.0421457042878062, 
0.0406926625372098, 0.0244557022941172, 0.0808934338885872, 0.0448691796313738, 
0.0107597879814931, 0.0421457042878062, 0.0406926625372098, 0.0244557022941172, 
0.0244557022941172, 0.0808934338885872, 0.0808934338885872, 0.0448691796313738, 
0.0448691796313738, 0.0107597879814931, 0.0107597879814931, 0.0421457042878062, 
0.0421457042878062, 0.0406926625372098, 0.0406926625372098, 0.0244557022941172, 
0.0244557022941172, 0.0808934338885872, 0.0808934338885872, 0.0448691796313738, 
0.0448691796313738, 0.0107597879814931, 0.0107597879814931, 0.0421457042878062, 
0.0421457042878062, 0.0406926625372098, 0.0406926625372098, 0.0244557022941172, 
0.0244557022941172, 0.0808934338885872, 0.0808934338885872, 0.0448691796313738, 
0.0448691796313738, 0.0107597879814931, 0.0107597879814931, 0.0421457042878062, 
0.0421457042878062, 0.0406926625372098, 0.0406926625372098, 0.0244557022941172, 
0.0808934338885872, 0.0448691796313738, 0.0107597879814931, 0.0421457042878062, 
0.0406926625372098, 0.0244557022941172, 0.0808934338885872, 0.0448691796313738, 
0.0107597879814931, 0.0421457042878062, 0.0406926625372098, 0.0244557022941172, 
0.0808934338885872, 0.0448691796313738, 0.0107597879814931, 0.0421457042878062, 
0.0406926625372098, 0.0244557022941172, 0.0244557022941172, 0.0808934338885872, 
0.0808934338885872, 0.0448691796313738, 0.0448691796313738, 0.0107597879814931, 
0.0107597879814931, 0.0421457042878062, 0.0421457042878062, 0.0406926625372098, 
0.0406926625372098, 0.0244557022941172, 0.0244557022941172, 0.0808934338885872, 
0.0808934338885872, 0.0448691796313738, 0.0448691796313738, 0.0107597879814931, 
0.0107597879814931, 0.0421457042878062, 0.0421457042878062, 0.0406926625372098, 
0.0406926625372098)
roi <-
c(1L, 2L, 3L, 4L, 5L, 6L, 1L, 1L, 2L, 2L, 3L, 3L, 4L, 4L, 5L, 
5L, 6L, 6L, 1L, 2L, 3L, 4L, 5L, 6L, 1L, 2L, 3L, 4L, 5L, 6L, 1L, 
1L, 2L, 2L, 3L, 3L, 4L, 4L, 5L, 5L, 6L, 6L, 1L, 1L, 2L, 2L, 3L, 
3L, 4L, 4L, 5L, 5L, 6L, 6L, 1L, 1L, 2L, 2L, 3L, 3L, 4L, 4L, 5L, 
5L, 6L, 6L, 1L, 2L, 3L, 4L, 5L, 6L, 1L, 2L, 3L, 4L, 5L, 6L, 1L, 
2L, 3L, 4L, 5L, 6L, 1L, 1L, 2L, 2L, 3L, 3L, 4L, 4L, 5L, 5L, 6L, 
6L, 1L, 1L, 2L, 2L, 3L, 3L, 4L, 4L, 5L, 5L, 6L, 6L)
male <-
c(2L, 2L, 2L, 2L, 2L, 2L, 6L, 7L, 6L, 7L, 6L, 7L, 6L, 7L, 6L, 
7L, 6L, 7L, 5L, 5L, 5L, 5L, 5L, 5L, 6L, 6L, 6L, 6L, 6L, 6L, 4L, 
6L, 4L, 6L, 4L, 6L, 4L, 6L, 4L, 6L, 4L, 6L, 1L, 2L, 1L, 2L, 1L, 
2L, 1L, 2L, 1L, 2L, 1L, 2L, 4L, 6L, 4L, 6L, 4L, 6L, 4L, 6L, 4L, 
6L, 4L, 6L, 5L, 5L, 5L, 5L, 5L, 5L, 8L, 8L, 8L, 8L, 8L, 8L, 6L, 
6L, 6L, 6L, 6L, 6L, 2L, 6L, 2L, 6L, 2L, 6L, 2L, 6L, 2L, 6L, 2L, 
6L, 2L, 8L, 2L, 8L, 2L, 8L, 2L, 8L, 2L, 8L, 2L, 8L)
fem <-
c(1L, 1L, 1L, 1L, 1L, 1L, 3L, 3L, 3L, 3L, 3L, 3L, 3L, 3L, 3L, 
3L, 3L, 3L, 4L, 4L, 4L, 4L, 4L, 4L, 5L, 5L, 5L, 5L, 5L, 5L, 6L, 
6L, 6L, 6L, 6L, 6L, 6L, 6L, 6L, 6L, 6L, 6L, 7L, 7L, 7L, 7L, 7L, 
7L, 7L, 7L, 7L, 7L, 7L, 7L, 8L, 8L, 8L, 8L, 8L, 8L, 8L, 8L, 8L, 
8L, 8L, 8L, 9L, 9L, 9L, 9L, 9L, 9L, 10L, 10L, 10L, 10L, 10L, 
10L, 11L, 11L, 11L, 11L, 11L, 11L, 12L, 12L, 12L, 12L, 12L, 12L, 
12L, 12L, 12L, 12L, 12L, 12L, 13L, 13L, 13L, 13L, 13L, 13L, 13L, 
13L, 13L, 13L, 13L, 13L)
nmale <-
8L
nfem <-
14L
nroi <-
6L
roinames <-
c("BrownTail", "BrownWingBrownBody", "GreenNeck", "HeadCrest", 
"Leg", "WhiteChest")
