count <-
c(0, 0, 0, 0, 0, 0, 86, 0, 0, 0, 0, 0, 0, 0, 0, 0, 0, 0, 0, 0, 
0, 0, 0, 0, 0, 0, 0, 0, 0, 0, 0, 0, 0, 0, 0, 0, 0, 0, 0, 0, 0, 
0)
ntot <-
c(0, 0, 0, 0, 0, 0, 313, 313, 313, 313, 313, 313, 98, 98, 98, 
98, 98, 98, 71, 71, 71, 71, 71, 71, 0, 0, 0, 0, 0, 0, 255, 255, 
255, 255, 255, 255, 259, 259, 259, 259, 259, 259)
pix <-
c(0.0244557022941172, 0.0808934338885872, 0.0448691796313738, 
0.0107597879814931, 0.0421457042878062, 0.0406926625372098, 0.0244557022941172, 
0.0808934338885872, 0.0448691796313738, 0.0107597879814931, 0.0421457042878062, 
0.0406926625372098, 0.0244557022941172, 0.0808934338885872, 0.0448691796313738, 
0.0107597879814931, 0.0421457042878062, 0.0406926625372098, 0.0244557022941172, 
0.0808934338885872, 0.0448691796313738, 0.0107597879814931, 0.0421457042878062, 
0.0406926625372098, 0.0244557022941172, 0.0808934338885872, 0.0448691796313738, 
0.0107597879814931, 0.0421457042878062, 0.0406926625372098, 0.0244557022941172, 
0.0808934338885872, 0.0448691796313738, 0.0107597879814931, 0.0421457042878062, 
0.0406926625372098, 0.0244557022941172, 0.0808934338885872, 0.0448691796313738, 
0.0107597879814931, 0.0421457042878062, 0.0406926625372098)
roi <-
c(1L, 2L, 3L, 4L, 5L, 6L, 1L, 2L, 3L, 4L, 5L, 6L, 1L, 2L, 3L, 
4L, 5L, 6L, 1L, 2L, 3L, 4L, 5L, 6L, 1L, 2L, 3L, 4L, 5L, 6L, 1L, 
2L, 3L, 4L, 5L, 6L, 1L, 2L, 3L, 4L, 5L, 6L)
male <-
c(8L, 8L, 8L, 8L, 8L, 8L, 3L, 3L, 3L, 3L, 3L, 3L, 6L, 6L, 6L, 
6L, 6L, 6L, 8L, 8L, 8L, 8L, 8L, 8L, 2L, 2L, 2L, 2L, 2L, 2L, 6L, 
6L, 6L, 6L, 6L, 6L, 2L, 2L, 2L, 2L, 2L, 2L)
fem <-
c(2L, 2L, 2L, 2L, 2L, 2L, 4L, 4L, 4L, 4L, 4L, 4L, 5L, 5L, 5L, 
5L, 5L, 5L, 9L, 9L, 9L, 9L, 9L, 9L, 12L, 12L, 12L, 12L, 12L, 
12L, 13L, 13L, 13L, 13L, 13L, 13L, 14L, 14L, 14L, 14L, 14L, 14L
)
nmale <-
8L
nfem <-
14L
nroi <-
6L
roinames <-
c("BrownTail", "BrownWingBrownBody", "GreenNeck", "HeadCrest", 
"Leg", "WhiteChest")
