count <-
c(218, 69, 50, 35, 147, 45, 0, 63, 0, 62, 0, 11, 0, 0, 0, 68, 
0, 22, 0, 0, 0, 0, 0, 15, 171, 475, 140, 0, 8, 170, 66, 0, 387, 
0, 17, 169, 28, 0, 112, 0, 82, 0, 0, 175, 0, 57, 0, 153, 0, 0, 
0, 264, 0, 172, 0, 22, 0, 247, 0, 28, 0, 55, 0, 95, 0, 104, 0, 
63, 0, 0, 126, 48, 56, 256, 28, 0, 27, 34, 645, 1048, 426, 265, 
282, 276, 232, 363, 29, 1461, 0, 430, 0, 196, 15, 450, 0, 386, 
18, 190, 732, 546, 293, 244, 158, 118, 172, 0, 314, 124)
ntot <-
c(20334, 20334, 20334, 20334, 20334, 20334, 930, 3105, 930, 3105, 
930, 3105, 930, 3105, 930, 3105, 930, 3105, 30, 30, 30, 30, 30, 
30, 20210, 20210, 20210, 20210, 20210, 20210, 5295, 3155, 5295, 
3155, 5295, 3155, 5295, 3155, 5295, 3155, 5295, 3155, 989, 20326, 
989, 20326, 989, 20326, 989, 20326, 989, 20326, 989, 20326, 558, 
4442, 558, 4442, 558, 4442, 558, 4442, 558, 4442, 558, 4442, 
5043, 5043, 5043, 5043, 5043, 5043, 3601, 3601, 3601, 3601, 3601, 
3601, 51746, 51746, 51746, 51746, 51746, 51746, 8356, 38250, 
8356, 38250, 8356, 38250, 8356, 38250, 8356, 38250, 8356, 38250, 
20368, 12062, 20368, 12062, 20368, 12062, 20368, 12062, 20368, 
12062, 20368, 12062)
pix <-
c(0.0244557022941172, 0.0808934338885872, 0.0448691796313738, 
0.0107597879814931, 0.0421457042878062, 0.0406926625372098, 0.0244557022941172, 
0.0244557022941172, 0.0808934338885872, 0.0808934338885872, 0.0448691796313738, 
0.0448691796313738, 0.0107597879814931, 0.0107597879814931, 0.0421457042878062, 
0.0421457042878062, 0.0406926625372098, 0.0406926625372098, 0.0244557022941172, 
0.0808934338885872, 0.0448691796313738, 0.0107597879814931, 0.0421457042878062, 
0.0406926625372098, 0.0244557022941172, 0.0808934338885872, 0.0448691796313738, 
0.0107597879814931, 0.0421457042878062, 0.0406926625372098, 0.0244557022941172, 
0.0244557022941172, 0.0808934338885872, 0.0808934338885872, 0.0448691796313738, 
0.0448691796313738, 0.0107597879814931, 0.0107597879814931, 0.0421457042878062, 
0.0421457042878062, 0.0406926625372098, 0.0406926625372098, 0.0244557022941172, 
0.0244557022941172, 0.0808934338885872, 0.0808934338885872, 0.0448691796313738, 
0.0448691796313738, 0.0107597879814931, 0.0107597879814931, 0.0421457042878062, 
0.0421457042878062, 0.0406926625372098, 0.0406926625372098, 0.0244557022941172, 
0.0244557022941172, 0.0808934338885872, 0.0808934338885872, 0.0448691796313738, 
0.0448691796313738, 0.0107597879814931, 0.0107597879814931, 0.0421457042878062, 
0.0421457042878062, 0.0406926625372098, 0.0406926625372098, 0.0244557022941172, 
0.0808934338885872, 0.0448691796313738, 0.0107597879814931, 0.0421457042878062, 
0.0406926625372098, 0.0244557022941172, 0.0808934338885872, 0.0448691796313738, 
0.0107597879814931, 0.0421457042878062, 0.0406926625372098, 0.0244557022941172, 
0.0808934338885872, 0.0448691796313738, 0.0107597879814931, 0.0421457042878062, 
0.0406926625372098, 0.0244557022941172, 0.0244557022941172, 0.0808934338885872, 
0.0808934338885872, 0.0448691796313738, 0.0448691796313738, 0.0107597879814931, 
0.0107597879814931, 0.0421457042878062, 0.0421457042878062, 0.0406926625372098, 
0.0406926625372098, 0.0244557022941172, 0.0244557022941172, 0.0808934338885872, 
0.0808934338885872, 0.0448691796313738, 0.0448691796313738, 0.0107597879814931, 
0.0107597879814931, 0.0421457042878062, 0.0421457042878062, 0.0406926625372098, 
0.0406926625372098)
roi <-
c(1L, 2L, 3L, 4L, 5L, 6L, 1L, 1L, 2L, 2L, 3L, 3L, 4L, 4L, 5L, 
5L, 6L, 6L, 1L, 2L, 3L, 4L, 5L, 6L, 1L, 2L, 3L, 4L, 5L, 6L, 1L, 
1L, 2L, 2L, 3L, 3L, 4L, 4L, 5L, 5L, 6L, 6L, 1L, 1L, 2L, 2L, 3L, 
3L, 4L, 4L, 5L, 5L, 6L, 6L, 1L, 1L, 2L, 2L, 3L, 3L, 4L, 4L, 5L, 
5L, 6L, 6L, 1L, 2L, 3L, 4L, 5L, 6L, 1L, 2L, 3L, 4L, 5L, 6L, 1L, 
2L, 3L, 4L, 5L, 6L, 1L, 1L, 2L, 2L, 3L, 3L, 4L, 4L, 5L, 5L, 6L, 
6L, 1L, 1L, 2L, 2L, 3L, 3L, 4L, 4L, 5L, 5L, 6L, 6L)
male <-
c(2L, 2L, 2L, 2L, 2L, 2L, 6L, 7L, 6L, 7L, 6L, 7L, 6L, 7L, 6L, 
7L, 6L, 7L, 5L, 5L, 5L, 5L, 5L, 5L, 6L, 6L, 6L, 6L, 6L, 6L, 4L, 
6L, 4L, 6L, 4L, 6L, 4L, 6L, 4L, 6L, 4L, 6L, 1L, 2L, 1L, 2L, 1L, 
2L, 1L, 2L, 1L, 2L, 1L, 2L, 4L, 6L, 4L, 6L, 4L, 6L, 4L, 6L, 4L, 
6L, 4L, 6L, 5L, 5L, 5L, 5L, 5L, 5L, 8L, 8L, 8L, 8L, 8L, 8L, 6L, 
6L, 6L, 6L, 6L, 6L, 2L, 6L, 2L, 6L, 2L, 6L, 2L, 6L, 2L, 6L, 2L, 
6L, 2L, 8L, 2L, 8L, 2L, 8L, 2L, 8L, 2L, 8L, 2L, 8L)
fem <-
c(1L, 1L, 1L, 1L, 1L, 1L, 3L, 3L, 3L, 3L, 3L, 3L, 3L, 3L, 3L, 
3L, 3L, 3L, 4L, 4L, 4L, 4L, 4L, 4L, 5L, 5L, 5L, 5L, 5L, 5L, 6L, 
6L, 6L, 6L, 6L, 6L, 6L, 6L, 6L, 6L, 6L, 6L, 7L, 7L, 7L, 7L, 7L, 
7L, 7L, 7L, 7L, 7L, 7L, 7L, 8L, 8L, 8L, 8L, 8L, 8L, 8L, 8L, 8L, 
8L, 8L, 8L, 9L, 9L, 9L, 9L, 9L, 9L, 10L, 10L, 10L, 10L, 10L, 
10L, 11L, 11L, 11L, 11L, 11L, 11L, 12L, 12L, 12L, 12L, 12L, 12L, 
12L, 12L, 12L, 12L, 12L, 12L, 13L, 13L, 13L, 13L, 13L, 13L, 13L, 
13L, 13L, 13L, 13L, 13L)
nmale <-
8L
nfem <-
14L
nroi <-
6L
roinames <-
c("BrownTail", "BrownWingBrownBody", "GreenNeck", "HeadCrest", 
"Leg", "WhiteChest")
