count <-
c(85, 92, 124, 69, 54, 284, 15, 229, 50, 0, 240, 10, 63, 62, 
11, 0, 68, 22, 8, 134, 51, 0, 18, 36, 171, 645, 140, 53, 8, 328, 
66, 0, 387, 0, 17, 169, 28, 0, 112, 0, 82, 0, 99, 57, 64, 0, 
160, 12, 22, 247, 28, 55, 95, 104, 0, 0, 63, 56, 0, 62, 0, 37, 
126, 35, 48, 80, 0, 256, 28, 0, 27, 34, 645, 1048, 426, 265, 
282, 276, 284, 363, 153, 1461, 0, 430, 0, 196, 55, 450, 58, 386, 
18, 155, 190, 732, 543, 546, 293, 51, 244, 138, 46, 118, 172, 
39, 0, 314, 14, 124, 24, 66, 16, 0, 15, 0)
ntot <-
c(12003, 12003, 12003, 12003, 12003, 12003, 8612, 8612, 8612, 
8612, 8612, 8612, 1613, 1613, 1613, 1613, 1613, 1613, 8593, 8593, 
8593, 8593, 8593, 8593, 20510, 20510, 20510, 20510, 20510, 20510, 
4535, 2826, 4535, 2826, 4535, 2826, 4535, 2826, 4535, 2826, 4535, 
2826, 5410, 5410, 5410, 5410, 5410, 5410, 4213, 4213, 4213, 4213, 
4213, 4213, 3161, 5093, 3161, 5093, 3161, 5093, 3161, 5093, 3161, 
5093, 3161, 5093, 2398, 2398, 2398, 2398, 2398, 2398, 50580, 
50580, 50580, 50580, 50580, 50580, 9641, 38195, 9641, 38195, 
9641, 38195, 9641, 38195, 9641, 38195, 9641, 38195, 14764, 6297, 
10334, 14764, 6297, 10334, 14764, 6297, 10334, 14764, 6297, 10334, 
14764, 6297, 10334, 14764, 6297, 10334, 2530, 2530, 2530, 2530, 
2530, 2530)
pix <-
c(0.0244557022941172, 0.0808934338885872, 0.0448691796313738, 
0.0107597879814931, 0.0421457042878062, 0.0406926625372098, 0.0244557022941172, 
0.0808934338885872, 0.0448691796313738, 0.0107597879814931, 0.0421457042878062, 
0.0406926625372098, 0.0244557022941172, 0.0808934338885872, 0.0448691796313738, 
0.0107597879814931, 0.0421457042878062, 0.0406926625372098, 0.0244557022941172, 
0.0808934338885872, 0.0448691796313738, 0.0107597879814931, 0.0421457042878062, 
0.0406926625372098, 0.0244557022941172, 0.0808934338885872, 0.0448691796313738, 
0.0107597879814931, 0.0421457042878062, 0.0406926625372098, 0.0244557022941172, 
0.0244557022941172, 0.0808934338885872, 0.0808934338885872, 0.0448691796313738, 
0.0448691796313738, 0.0107597879814931, 0.0107597879814931, 0.0421457042878062, 
0.0421457042878062, 0.0406926625372098, 0.0406926625372098, 0.0244557022941172, 
0.0808934338885872, 0.0448691796313738, 0.0107597879814931, 0.0421457042878062, 
0.0406926625372098, 0.0244557022941172, 0.0808934338885872, 0.0448691796313738, 
0.0107597879814931, 0.0421457042878062, 0.0406926625372098, 0.0244557022941172, 
0.0244557022941172, 0.0808934338885872, 0.0808934338885872, 0.0448691796313738, 
0.0448691796313738, 0.0107597879814931, 0.0107597879814931, 0.0421457042878062, 
0.0421457042878062, 0.0406926625372098, 0.0406926625372098, 0.0244557022941172, 
0.0808934338885872, 0.0448691796313738, 0.0107597879814931, 0.0421457042878062, 
0.0406926625372098, 0.0244557022941172, 0.0808934338885872, 0.0448691796313738, 
0.0107597879814931, 0.0421457042878062, 0.0406926625372098, 0.0244557022941172, 
0.0244557022941172, 0.0808934338885872, 0.0808934338885872, 0.0448691796313738, 
0.0448691796313738, 0.0107597879814931, 0.0107597879814931, 0.0421457042878062, 
0.0421457042878062, 0.0406926625372098, 0.0406926625372098, 0.0244557022941172, 
0.0244557022941172, 0.0244557022941172, 0.0808934338885872, 0.0808934338885872, 
0.0808934338885872, 0.0448691796313738, 0.0448691796313738, 0.0448691796313738, 
0.0107597879814931, 0.0107597879814931, 0.0107597879814931, 0.0421457042878062, 
0.0421457042878062, 0.0421457042878062, 0.0406926625372098, 0.0406926625372098, 
0.0406926625372098, 0.0244557022941172, 0.0808934338885872, 0.0448691796313738, 
0.0107597879814931, 0.0421457042878062, 0.0406926625372098)
roi <-
c(1L, 2L, 3L, 4L, 5L, 6L, 1L, 2L, 3L, 4L, 5L, 6L, 1L, 2L, 3L, 
4L, 5L, 6L, 1L, 2L, 3L, 4L, 5L, 6L, 1L, 2L, 3L, 4L, 5L, 6L, 1L, 
1L, 2L, 2L, 3L, 3L, 4L, 4L, 5L, 5L, 6L, 6L, 1L, 2L, 3L, 4L, 5L, 
6L, 1L, 2L, 3L, 4L, 5L, 6L, 1L, 1L, 2L, 2L, 3L, 3L, 4L, 4L, 5L, 
5L, 6L, 6L, 1L, 2L, 3L, 4L, 5L, 6L, 1L, 2L, 3L, 4L, 5L, 6L, 1L, 
1L, 2L, 2L, 3L, 3L, 4L, 4L, 5L, 5L, 6L, 6L, 1L, 1L, 1L, 2L, 2L, 
2L, 3L, 3L, 3L, 4L, 4L, 4L, 5L, 5L, 5L, 6L, 6L, 6L, 1L, 2L, 3L, 
4L, 5L, 6L)
male <-
c(2L, 2L, 2L, 2L, 2L, 2L, 8L, 8L, 8L, 8L, 8L, 8L, 7L, 7L, 7L, 
7L, 7L, 7L, 3L, 3L, 3L, 3L, 3L, 3L, 6L, 6L, 6L, 6L, 6L, 6L, 4L, 
6L, 4L, 6L, 4L, 6L, 4L, 6L, 4L, 6L, 4L, 6L, 2L, 2L, 2L, 2L, 2L, 
2L, 6L, 6L, 6L, 6L, 6L, 6L, 5L, 8L, 5L, 8L, 5L, 8L, 5L, 8L, 5L, 
8L, 5L, 8L, 8L, 8L, 8L, 8L, 8L, 8L, 6L, 6L, 6L, 6L, 6L, 6L, 2L, 
6L, 2L, 6L, 2L, 6L, 2L, 6L, 2L, 6L, 2L, 6L, 2L, 6L, 8L, 2L, 6L, 
8L, 2L, 6L, 8L, 2L, 6L, 8L, 2L, 6L, 8L, 2L, 6L, 8L, 2L, 2L, 2L, 
2L, 2L, 2L)
fem <-
c(1L, 1L, 1L, 1L, 1L, 1L, 2L, 2L, 2L, 2L, 2L, 2L, 3L, 3L, 3L, 
3L, 3L, 3L, 4L, 4L, 4L, 4L, 4L, 4L, 5L, 5L, 5L, 5L, 5L, 5L, 6L, 
6L, 6L, 6L, 6L, 6L, 6L, 6L, 6L, 6L, 6L, 6L, 7L, 7L, 7L, 7L, 7L, 
7L, 8L, 8L, 8L, 8L, 8L, 8L, 9L, 9L, 9L, 9L, 9L, 9L, 9L, 9L, 9L, 
9L, 9L, 9L, 10L, 10L, 10L, 10L, 10L, 10L, 11L, 11L, 11L, 11L, 
11L, 11L, 12L, 12L, 12L, 12L, 12L, 12L, 12L, 12L, 12L, 12L, 12L, 
12L, 13L, 13L, 13L, 13L, 13L, 13L, 13L, 13L, 13L, 13L, 13L, 13L, 
13L, 13L, 13L, 13L, 13L, 13L, 14L, 14L, 14L, 14L, 14L, 14L)
nmale <-
8L
nfem <-
14L
nroi <-
6L
roinames <-
c("BrownTail", "BrownWingBrownBody", "GreenNeck", "HeadCrest", 
"Leg", "WhiteChest")
