count <-
c(707, 243, 163, 218, 2205, 1282, 334, 59, 0, 0, 56, 0, 0, 0, 
0, 0, 33, 132, 443, 34, 20, 68, 0, 0, 0, 0, 0, 0, 0, 0, 0, 265, 
0, 0, 35, 0, 122, 174, 0, 85, 1193, 61, 0, 49, 0, 0, 0, 229, 
28, 0, 0, 22, 0, 612, 106, 289, 55, 0, 0, 0, 0, 0, 0, 137, 417, 
0, 255, 0, 0, 0, 244, 175, 3860, 429, 2270, 0, 415, 0, 205, 0, 
198, 0, 0, 50, 32, 0, 0, 323, 0, 278, 85, 76, 100, 0, 212, 0, 
30, 0, 0, 0, 66, 0, 95, 787, 537, 0, 358, 0, 0, 0, 0, 17, 403, 
0, 0, 0, 0, 0, 127, 0, 0, 334, 141, 0, 289, 0, 506, 0, 441, 0, 
15, 0, 199, 0, 1482, 17, 659, 0, 218, 0, 0, 232, 109, 0, 488, 
31, 321, 210, 0, 0, 0, 0, 3852, 1114, 365, 420, 11, 18, 490, 
209, 28, 414)
ntot <-
c(15294, 15294, 15294, 15294, 15294, 15294, 15294, 15294, 15294, 
1164, 2044, 1164, 2044, 1164, 2044, 1164, 2044, 1164, 2044, 1164, 
2044, 1164, 2044, 1164, 2044, 1164, 2044, 315, 315, 315, 315, 
315, 315, 315, 315, 315, 3694, 3694, 3694, 3694, 3694, 3694, 
3694, 3694, 3694, 1912, 518, 1912, 518, 1912, 518, 1912, 518, 
1912, 518, 1912, 518, 1912, 518, 1912, 518, 1912, 518, 1730, 
22351, 1730, 22351, 1730, 22351, 1730, 22351, 1730, 22351, 1730, 
22351, 1730, 22351, 1730, 22351, 1730, 22351, 1285, 688, 1285, 
688, 1285, 688, 1285, 688, 1285, 688, 1285, 688, 1285, 688, 1285, 
688, 1285, 688, 3725, 3725, 3725, 3725, 3725, 3725, 3725, 3725, 
3725, 1567, 1567, 1567, 1567, 1567, 1567, 1567, 1567, 1567, 2057, 
2057, 2057, 2057, 2057, 2057, 2057, 2057, 2057, 6933, 304, 6933, 
304, 6933, 304, 6933, 304, 6933, 304, 6933, 304, 6933, 304, 6933, 
304, 6933, 304, 11139, 4144, 11139, 4144, 11139, 4144, 11139, 
4144, 11139, 4144, 11139, 4144, 11139, 4144, 11139, 4144, 11139, 
4144)
pix <-
c(0.00459563863356685, 0.0178443685162142, 0.000626925800397363, 
0.0092835300668917, 0.243781924803553, 0.0889255666545212, 0.00278424848239023, 
0.425673172509092, 0.206484555785479, 0.00459563863356685, 0.00459563863356685, 
0.0178443685162142, 0.0178443685162142, 0.000626925800397363, 
0.000626925800397363, 0.0092835300668917, 0.0092835300668917, 
0.243781924803553, 0.243781924803553, 0.0889255666545212, 0.0889255666545212, 
0.00278424848239023, 0.00278424848239023, 0.425673172509092, 
0.425673172509092, 0.206484555785479, 0.206484555785479, 0.00459563863356685, 
0.0178443685162142, 0.000626925800397363, 0.0092835300668917, 
0.243781924803553, 0.0889255666545212, 0.00278424848239023, 0.425673172509092, 
0.206484555785479, 0.00459563863356685, 0.0178443685162142, 0.000626925800397363, 
0.0092835300668917, 0.243781924803553, 0.0889255666545212, 0.00278424848239023, 
0.425673172509092, 0.206484555785479, 0.00459563863356685, 0.00459563863356685, 
0.0178443685162142, 0.0178443685162142, 0.000626925800397363, 
0.000626925800397363, 0.0092835300668917, 0.0092835300668917, 
0.243781924803553, 0.243781924803553, 0.0889255666545212, 0.0889255666545212, 
0.00278424848239023, 0.00278424848239023, 0.425673172509092, 
0.425673172509092, 0.206484555785479, 0.206484555785479, 0.00459563863356685, 
0.00459563863356685, 0.0178443685162142, 0.0178443685162142, 
0.000626925800397363, 0.000626925800397363, 0.0092835300668917, 
0.0092835300668917, 0.243781924803553, 0.243781924803553, 0.0889255666545212, 
0.0889255666545212, 0.00278424848239023, 0.00278424848239023, 
0.425673172509092, 0.425673172509092, 0.206484555785479, 0.206484555785479, 
0.00459563863356685, 0.00459563863356685, 0.0178443685162142, 
0.0178443685162142, 0.000626925800397363, 0.000626925800397363, 
0.0092835300668917, 0.0092835300668917, 0.243781924803553, 0.243781924803553, 
0.0889255666545212, 0.0889255666545212, 0.00278424848239023, 
0.00278424848239023, 0.425673172509092, 0.425673172509092, 0.206484555785479, 
0.206484555785479, 0.00459563863356685, 0.0178443685162142, 0.000626925800397363, 
0.0092835300668917, 0.243781924803553, 0.0889255666545212, 0.00278424848239023, 
0.425673172509092, 0.206484555785479, 0.00459563863356685, 0.0178443685162142, 
0.000626925800397363, 0.0092835300668917, 0.243781924803553, 
0.0889255666545212, 0.00278424848239023, 0.425673172509092, 0.206484555785479, 
0.00459563863356685, 0.0178443685162142, 0.000626925800397363, 
0.0092835300668917, 0.243781924803553, 0.0889255666545212, 0.00278424848239023, 
0.425673172509092, 0.206484555785479, 0.00459563863356685, 0.00459563863356685, 
0.0178443685162142, 0.0178443685162142, 0.000626925800397363, 
0.000626925800397363, 0.0092835300668917, 0.0092835300668917, 
0.243781924803553, 0.243781924803553, 0.0889255666545212, 0.0889255666545212, 
0.00278424848239023, 0.00278424848239023, 0.425673172509092, 
0.425673172509092, 0.206484555785479, 0.206484555785479, 0.00459563863356685, 
0.00459563863356685, 0.0178443685162142, 0.0178443685162142, 
0.000626925800397363, 0.000626925800397363, 0.0092835300668917, 
0.0092835300668917, 0.243781924803553, 0.243781924803553, 0.0889255666545212, 
0.0889255666545212, 0.00278424848239023, 0.00278424848239023, 
0.425673172509092, 0.425673172509092, 0.206484555785479, 0.206484555785479
)
roi <-
c(1L, 2L, 3L, 4L, 5L, 6L, 7L, 8L, 9L, 1L, 1L, 2L, 2L, 3L, 3L, 
4L, 4L, 5L, 5L, 6L, 6L, 7L, 7L, 8L, 8L, 9L, 9L, 1L, 2L, 3L, 4L, 
5L, 6L, 7L, 8L, 9L, 1L, 2L, 3L, 4L, 5L, 6L, 7L, 8L, 9L, 1L, 1L, 
2L, 2L, 3L, 3L, 4L, 4L, 5L, 5L, 6L, 6L, 7L, 7L, 8L, 8L, 9L, 9L, 
1L, 1L, 2L, 2L, 3L, 3L, 4L, 4L, 5L, 5L, 6L, 6L, 7L, 7L, 8L, 8L, 
9L, 9L, 1L, 1L, 2L, 2L, 3L, 3L, 4L, 4L, 5L, 5L, 6L, 6L, 7L, 7L, 
8L, 8L, 9L, 9L, 1L, 2L, 3L, 4L, 5L, 6L, 7L, 8L, 9L, 1L, 2L, 3L, 
4L, 5L, 6L, 7L, 8L, 9L, 1L, 2L, 3L, 4L, 5L, 6L, 7L, 8L, 9L, 1L, 
1L, 2L, 2L, 3L, 3L, 4L, 4L, 5L, 5L, 6L, 6L, 7L, 7L, 8L, 8L, 9L, 
9L, 1L, 1L, 2L, 2L, 3L, 3L, 4L, 4L, 5L, 5L, 6L, 6L, 7L, 7L, 8L, 
8L, 9L, 9L)
male <-
c(2L, 2L, 2L, 2L, 2L, 2L, 2L, 2L, 2L, 6L, 7L, 6L, 7L, 6L, 7L, 
6L, 7L, 6L, 7L, 6L, 7L, 6L, 7L, 6L, 7L, 6L, 7L, 5L, 5L, 5L, 5L, 
5L, 5L, 5L, 5L, 5L, 6L, 6L, 6L, 6L, 6L, 6L, 6L, 6L, 6L, 4L, 6L, 
4L, 6L, 4L, 6L, 4L, 6L, 4L, 6L, 4L, 6L, 4L, 6L, 4L, 6L, 4L, 6L, 
1L, 2L, 1L, 2L, 1L, 2L, 1L, 2L, 1L, 2L, 1L, 2L, 1L, 2L, 1L, 2L, 
1L, 2L, 4L, 6L, 4L, 6L, 4L, 6L, 4L, 6L, 4L, 6L, 4L, 6L, 4L, 6L, 
4L, 6L, 4L, 6L, 5L, 5L, 5L, 5L, 5L, 5L, 5L, 5L, 5L, 8L, 8L, 8L, 
8L, 8L, 8L, 8L, 8L, 8L, 6L, 6L, 6L, 6L, 6L, 6L, 6L, 6L, 6L, 2L, 
6L, 2L, 6L, 2L, 6L, 2L, 6L, 2L, 6L, 2L, 6L, 2L, 6L, 2L, 6L, 2L, 
6L, 2L, 8L, 2L, 8L, 2L, 8L, 2L, 8L, 2L, 8L, 2L, 8L, 2L, 8L, 2L, 
8L, 2L, 8L)
fem <-
c(1L, 1L, 1L, 1L, 1L, 1L, 1L, 1L, 1L, 3L, 3L, 3L, 3L, 3L, 3L, 
3L, 3L, 3L, 3L, 3L, 3L, 3L, 3L, 3L, 3L, 3L, 3L, 4L, 4L, 4L, 4L, 
4L, 4L, 4L, 4L, 4L, 5L, 5L, 5L, 5L, 5L, 5L, 5L, 5L, 5L, 6L, 6L, 
6L, 6L, 6L, 6L, 6L, 6L, 6L, 6L, 6L, 6L, 6L, 6L, 6L, 6L, 6L, 6L, 
7L, 7L, 7L, 7L, 7L, 7L, 7L, 7L, 7L, 7L, 7L, 7L, 7L, 7L, 7L, 7L, 
7L, 7L, 8L, 8L, 8L, 8L, 8L, 8L, 8L, 8L, 8L, 8L, 8L, 8L, 8L, 8L, 
8L, 8L, 8L, 8L, 9L, 9L, 9L, 9L, 9L, 9L, 9L, 9L, 9L, 10L, 10L, 
10L, 10L, 10L, 10L, 10L, 10L, 10L, 11L, 11L, 11L, 11L, 11L, 11L, 
11L, 11L, 11L, 12L, 12L, 12L, 12L, 12L, 12L, 12L, 12L, 12L, 12L, 
12L, 12L, 12L, 12L, 12L, 12L, 12L, 12L, 13L, 13L, 13L, 13L, 13L, 
13L, 13L, 13L, 13L, 13L, 13L, 13L, 13L, 13L, 13L, 13L, 13L, 13L
)
nmale <-
8L
nfem <-
14L
nroi <-
9L
roinames <-
c("Body", "DenseFeathers", "HeadCrest", "Leg", "LowerEyeSpots", 
"LowerFishtail", "Scales", "UpperEyeSpots", "UpperFishtail")
