count <-
c(0, 0, 0, 78, 0, 0, 0, 0, 0, 0, 0, 0, 0, 0, 0, 0, 178, 0, 0, 
0, 0, 0, 0, 0, 0, 181, 36, 0, 0, 0, 0, 0, 107, 0, 60, 0, 79, 
0, 0, 0, 0, 0, 0, 0, 0, 73, 0, 0, 0, 87, 143, 0, 0, 0, 0, 148, 
0, 86, 138, 33, 0, 0, 0)
ntot <-
c(78, 78, 78, 78, 78, 78, 78, 78, 78, 405, 405, 405, 405, 405, 
405, 405, 405, 405, 315, 315, 315, 315, 315, 315, 315, 315, 315, 
238, 238, 238, 238, 238, 238, 238, 238, 238, 79, 79, 79, 79, 
79, 79, 79, 79, 79, 558, 558, 558, 558, 558, 558, 558, 558, 558, 
664, 664, 664, 664, 664, 664, 664, 664, 664)
pix <-
c(0.00459563863356685, 0.0178443685162142, 0.000626925800397363, 
0.0092835300668917, 0.243781924803553, 0.0889255666545212, 0.00278424848239023, 
0.425673172509092, 0.206484555785479, 0.00459563863356685, 0.0178443685162142, 
0.000626925800397363, 0.0092835300668917, 0.243781924803553, 
0.0889255666545212, 0.00278424848239023, 0.425673172509092, 0.206484555785479, 
0.00459563863356685, 0.0178443685162142, 0.000626925800397363, 
0.0092835300668917, 0.243781924803553, 0.0889255666545212, 0.00278424848239023, 
0.425673172509092, 0.206484555785479, 0.00459563863356685, 0.0178443685162142, 
0.000626925800397363, 0.0092835300668917, 0.243781924803553, 
0.0889255666545212, 0.00278424848239023, 0.425673172509092, 0.206484555785479, 
0.00459563863356685, 0.0178443685162142, 0.000626925800397363, 
0.0092835300668917, 0.243781924803553, 0.0889255666545212, 0.00278424848239023, 
0.425673172509092, 0.206484555785479, 0.00459563863356685, 0.0178443685162142, 
0.000626925800397363, 0.0092835300668917, 0.243781924803553, 
0.0889255666545212, 0.00278424848239023, 0.425673172509092, 0.206484555785479, 
0.00459563863356685, 0.0178443685162142, 0.000626925800397363, 
0.0092835300668917, 0.243781924803553, 0.0889255666545212, 0.00278424848239023, 
0.425673172509092, 0.206484555785479)
roi <-
c(1L, 2L, 3L, 4L, 5L, 6L, 7L, 8L, 9L, 1L, 2L, 3L, 4L, 5L, 6L, 
7L, 8L, 9L, 1L, 2L, 3L, 4L, 5L, 6L, 7L, 8L, 9L, 1L, 2L, 3L, 4L, 
5L, 6L, 7L, 8L, 9L, 1L, 2L, 3L, 4L, 5L, 6L, 7L, 8L, 9L, 1L, 2L, 
3L, 4L, 5L, 6L, 7L, 8L, 9L, 1L, 2L, 3L, 4L, 5L, 6L, 7L, 8L, 9L
)
male <-
c(8L, 8L, 8L, 8L, 8L, 8L, 8L, 8L, 8L, 3L, 3L, 3L, 3L, 3L, 3L, 
3L, 3L, 3L, 6L, 6L, 6L, 6L, 6L, 6L, 6L, 6L, 6L, 8L, 8L, 8L, 8L, 
8L, 8L, 8L, 8L, 8L, 2L, 2L, 2L, 2L, 2L, 2L, 2L, 2L, 2L, 6L, 6L, 
6L, 6L, 6L, 6L, 6L, 6L, 6L, 2L, 2L, 2L, 2L, 2L, 2L, 2L, 2L, 2L
)
fem <-
c(2L, 2L, 2L, 2L, 2L, 2L, 2L, 2L, 2L, 4L, 4L, 4L, 4L, 4L, 4L, 
4L, 4L, 4L, 5L, 5L, 5L, 5L, 5L, 5L, 5L, 5L, 5L, 9L, 9L, 9L, 9L, 
9L, 9L, 9L, 9L, 9L, 12L, 12L, 12L, 12L, 12L, 12L, 12L, 12L, 12L, 
13L, 13L, 13L, 13L, 13L, 13L, 13L, 13L, 13L, 14L, 14L, 14L, 14L, 
14L, 14L, 14L, 14L, 14L)
nmale <-
8L
nfem <-
14L
nroi <-
9L
roinames <-
c("Body", "DenseFeathers", "HeadCrest", "Leg", "LowerEyeSpots", 
"LowerFishtail", "Scales", "UpperEyeSpots", "UpperFishtail")
