count <-
c(836, 752, 163, 341, 4509, 1805, 415, 153, 0, 0, 173, 0, 124, 
0, 0, 0, 48, 132, 560, 34, 254, 68, 0, 0, 0, 0, 0, 0, 0, 0, 0, 
265, 0, 0, 35, 0, 399, 296, 18, 298, 3432, 1038, 44, 202, 86, 
467, 6, 467, 56, 0, 156, 561, 0, 3073, 1086, 912, 456, 0, 18, 
14, 1203, 0, 27, 137, 520, 0, 755, 0, 0, 0, 397, 175, 6349, 429, 
2825, 0, 415, 0, 341, 0, 198, 0, 44, 50, 78, 0, 26, 323, 16, 
278, 1401, 76, 690, 0, 212, 0, 237, 0, 138, 0, 159, 0, 221, 1075, 
810, 0, 358, 0, 0, 359, 0, 213, 1251, 310, 0, 103, 150, 489, 
1859, 235, 854, 5147, 2202, 92, 2040, 458, 506, 329, 593, 745, 
15, 24, 316, 824, 2671, 5661, 1463, 1755, 218, 65, 0, 1038, 109, 
162, 1343, 158, 1770, 400, 101, 124, 705, 0, 15012, 3309, 2448, 
896, 130, 18, 1609, 2262, 164, 1194)
ntot <-
c(28744, 28744, 28744, 28744, 28744, 28744, 28744, 28744, 28744, 
1164, 4038, 1164, 4038, 1164, 4038, 1164, 4038, 1164, 4038, 1164, 
4038, 1164, 4038, 1164, 4038, 1164, 4038, 315, 315, 315, 315, 
315, 315, 315, 315, 315, 25059, 25059, 25059, 25059, 25059, 25059, 
25059, 25059, 25059, 10097, 5994, 10097, 5994, 10097, 5994, 10097, 
5994, 10097, 5994, 10097, 5994, 10097, 5994, 10097, 5994, 10097, 
5994, 1730, 31305, 1730, 31305, 1730, 31305, 1730, 31305, 1730, 
31305, 1730, 31305, 1730, 31305, 1730, 31305, 1730, 31305, 1285, 
6733, 1285, 6733, 1285, 6733, 1285, 6733, 1285, 6733, 1285, 6733, 
1285, 6733, 1285, 6733, 1285, 6733, 7429, 7429, 7429, 7429, 7429, 
7429, 7429, 7429, 7429, 5586, 5586, 5586, 5586, 5586, 5586, 5586, 
5586, 5586, 62180, 62180, 62180, 62180, 62180, 62180, 62180, 
62180, 62180, 13971, 45567, 13971, 45567, 13971, 45567, 13971, 
45567, 13971, 45567, 13971, 45567, 13971, 45567, 13971, 45567, 
13971, 45567, 41963, 19201, 41963, 19201, 41963, 19201, 41963, 
19201, 41963, 19201, 41963, 19201, 41963, 19201, 41963, 19201, 
41963, 19201)
pix <-
c(0.00459563863356685, 0.0178443685162142, 0.000626925800397363, 
0.0092835300668917, 0.243781924803553, 0.0889255666545212, 0.00278424848239023, 
0.425673172509092, 0.206484555785479, 0.00459563863356685, 0.00459563863356685, 
0.0178443685162142, 0.0178443685162142, 0.000626925800397363, 
0.000626925800397363, 0.0092835300668917, 0.0092835300668917, 
0.243781924803553, 0.243781924803553, 0.0889255666545212, 0.0889255666545212, 
0.00278424848239023, 0.00278424848239023, 0.425673172509092, 
0.425673172509092, 0.206484555785479, 0.206484555785479, 0.00459563863356685, 
0.0178443685162142, 0.000626925800397363, 0.0092835300668917, 
0.243781924803553, 0.0889255666545212, 0.00278424848239023, 0.425673172509092, 
0.206484555785479, 0.00459563863356685, 0.0178443685162142, 0.000626925800397363, 
0.0092835300668917, 0.243781924803553, 0.0889255666545212, 0.00278424848239023, 
0.425673172509092, 0.206484555785479, 0.00459563863356685, 0.00459563863356685, 
0.0178443685162142, 0.0178443685162142, 0.000626925800397363, 
0.000626925800397363, 0.0092835300668917, 0.0092835300668917, 
0.243781924803553, 0.243781924803553, 0.0889255666545212, 0.0889255666545212, 
0.00278424848239023, 0.00278424848239023, 0.425673172509092, 
0.425673172509092, 0.206484555785479, 0.206484555785479, 0.00459563863356685, 
0.00459563863356685, 0.0178443685162142, 0.0178443685162142, 
0.000626925800397363, 0.000626925800397363, 0.0092835300668917, 
0.0092835300668917, 0.243781924803553, 0.243781924803553, 0.0889255666545212, 
0.0889255666545212, 0.00278424848239023, 0.00278424848239023, 
0.425673172509092, 0.425673172509092, 0.206484555785479, 0.206484555785479, 
0.00459563863356685, 0.00459563863356685, 0.0178443685162142, 
0.0178443685162142, 0.000626925800397363, 0.000626925800397363, 
0.0092835300668917, 0.0092835300668917, 0.243781924803553, 0.243781924803553, 
0.0889255666545212, 0.0889255666545212, 0.00278424848239023, 
0.00278424848239023, 0.425673172509092, 0.425673172509092, 0.206484555785479, 
0.206484555785479, 0.00459563863356685, 0.0178443685162142, 0.000626925800397363, 
0.0092835300668917, 0.243781924803553, 0.0889255666545212, 0.00278424848239023, 
0.425673172509092, 0.206484555785479, 0.00459563863356685, 0.0178443685162142, 
0.000626925800397363, 0.0092835300668917, 0.243781924803553, 
0.0889255666545212, 0.00278424848239023, 0.425673172509092, 0.206484555785479, 
0.00459563863356685, 0.0178443685162142, 0.000626925800397363, 
0.0092835300668917, 0.243781924803553, 0.0889255666545212, 0.00278424848239023, 
0.425673172509092, 0.206484555785479, 0.00459563863356685, 0.00459563863356685, 
0.0178443685162142, 0.0178443685162142, 0.000626925800397363, 
0.000626925800397363, 0.0092835300668917, 0.0092835300668917, 
0.243781924803553, 0.243781924803553, 0.0889255666545212, 0.0889255666545212, 
0.00278424848239023, 0.00278424848239023, 0.425673172509092, 
0.425673172509092, 0.206484555785479, 0.206484555785479, 0.00459563863356685, 
0.00459563863356685, 0.0178443685162142, 0.0178443685162142, 
0.000626925800397363, 0.000626925800397363, 0.0092835300668917, 
0.0092835300668917, 0.243781924803553, 0.243781924803553, 0.0889255666545212, 
0.0889255666545212, 0.00278424848239023, 0.00278424848239023, 
0.425673172509092, 0.425673172509092, 0.206484555785479, 0.206484555785479
)
roi <-
c(1L, 2L, 3L, 4L, 5L, 6L, 7L, 8L, 9L, 1L, 1L, 2L, 2L, 3L, 3L, 
4L, 4L, 5L, 5L, 6L, 6L, 7L, 7L, 8L, 8L, 9L, 9L, 1L, 2L, 3L, 4L, 
5L, 6L, 7L, 8L, 9L, 1L, 2L, 3L, 4L, 5L, 6L, 7L, 8L, 9L, 1L, 1L, 
2L, 2L, 3L, 3L, 4L, 4L, 5L, 5L, 6L, 6L, 7L, 7L, 8L, 8L, 9L, 9L, 
1L, 1L, 2L, 2L, 3L, 3L, 4L, 4L, 5L, 5L, 6L, 6L, 7L, 7L, 8L, 8L, 
9L, 9L, 1L, 1L, 2L, 2L, 3L, 3L, 4L, 4L, 5L, 5L, 6L, 6L, 7L, 7L, 
8L, 8L, 9L, 9L, 1L, 2L, 3L, 4L, 5L, 6L, 7L, 8L, 9L, 1L, 2L, 3L, 
4L, 5L, 6L, 7L, 8L, 9L, 1L, 2L, 3L, 4L, 5L, 6L, 7L, 8L, 9L, 1L, 
1L, 2L, 2L, 3L, 3L, 4L, 4L, 5L, 5L, 6L, 6L, 7L, 7L, 8L, 8L, 9L, 
9L, 1L, 1L, 2L, 2L, 3L, 3L, 4L, 4L, 5L, 5L, 6L, 6L, 7L, 7L, 8L, 
8L, 9L, 9L)
male <-
c(2L, 2L, 2L, 2L, 2L, 2L, 2L, 2L, 2L, 6L, 7L, 6L, 7L, 6L, 7L, 
6L, 7L, 6L, 7L, 6L, 7L, 6L, 7L, 6L, 7L, 6L, 7L, 5L, 5L, 5L, 5L, 
5L, 5L, 5L, 5L, 5L, 6L, 6L, 6L, 6L, 6L, 6L, 6L, 6L, 6L, 4L, 6L, 
4L, 6L, 4L, 6L, 4L, 6L, 4L, 6L, 4L, 6L, 4L, 6L, 4L, 6L, 4L, 6L, 
1L, 2L, 1L, 2L, 1L, 2L, 1L, 2L, 1L, 2L, 1L, 2L, 1L, 2L, 1L, 2L, 
1L, 2L, 4L, 6L, 4L, 6L, 4L, 6L, 4L, 6L, 4L, 6L, 4L, 6L, 4L, 6L, 
4L, 6L, 4L, 6L, 5L, 5L, 5L, 5L, 5L, 5L, 5L, 5L, 5L, 8L, 8L, 8L, 
8L, 8L, 8L, 8L, 8L, 8L, 6L, 6L, 6L, 6L, 6L, 6L, 6L, 6L, 6L, 2L, 
6L, 2L, 6L, 2L, 6L, 2L, 6L, 2L, 6L, 2L, 6L, 2L, 6L, 2L, 6L, 2L, 
6L, 2L, 8L, 2L, 8L, 2L, 8L, 2L, 8L, 2L, 8L, 2L, 8L, 2L, 8L, 2L, 
8L, 2L, 8L)
fem <-
c(1L, 1L, 1L, 1L, 1L, 1L, 1L, 1L, 1L, 3L, 3L, 3L, 3L, 3L, 3L, 
3L, 3L, 3L, 3L, 3L, 3L, 3L, 3L, 3L, 3L, 3L, 3L, 4L, 4L, 4L, 4L, 
4L, 4L, 4L, 4L, 4L, 5L, 5L, 5L, 5L, 5L, 5L, 5L, 5L, 5L, 6L, 6L, 
6L, 6L, 6L, 6L, 6L, 6L, 6L, 6L, 6L, 6L, 6L, 6L, 6L, 6L, 6L, 6L, 
7L, 7L, 7L, 7L, 7L, 7L, 7L, 7L, 7L, 7L, 7L, 7L, 7L, 7L, 7L, 7L, 
7L, 7L, 8L, 8L, 8L, 8L, 8L, 8L, 8L, 8L, 8L, 8L, 8L, 8L, 8L, 8L, 
8L, 8L, 8L, 8L, 9L, 9L, 9L, 9L, 9L, 9L, 9L, 9L, 9L, 10L, 10L, 
10L, 10L, 10L, 10L, 10L, 10L, 10L, 11L, 11L, 11L, 11L, 11L, 11L, 
11L, 11L, 11L, 12L, 12L, 12L, 12L, 12L, 12L, 12L, 12L, 12L, 12L, 
12L, 12L, 12L, 12L, 12L, 12L, 12L, 12L, 13L, 13L, 13L, 13L, 13L, 
13L, 13L, 13L, 13L, 13L, 13L, 13L, 13L, 13L, 13L, 13L, 13L, 13L
)
nmale <-
8L
nfem <-
14L
nroi <-
9L
roinames <-
c("Body", "DenseFeathers", "HeadCrest", "Leg", "LowerEyeSpots", 
"LowerFishtail", "Scales", "UpperEyeSpots", "UpperFishtail")
