count <-
c(129, 509, 0, 123, 2304, 523, 81, 94, 0, 117, 124, 0, 15, 117, 
234, 0, 0, 0, 277, 122, 18, 213, 2239, 977, 44, 153, 86, 467, 
6, 238, 28, 0, 156, 539, 0, 2461, 980, 623, 401, 0, 18, 14, 1203, 
0, 27, 103, 500, 0, 153, 2489, 555, 0, 136, 0, 44, 46, 26, 16, 
1316, 590, 0, 207, 138, 0, 93, 0, 126, 288, 273, 0, 0, 0, 0, 
359, 0, 196, 848, 310, 0, 103, 150, 489, 1732, 235, 854, 4813, 
2061, 92, 1751, 458, 0, 329, 152, 745, 0, 24, 117, 824, 1189, 
5644, 804, 1755, 0, 65, 0, 806, 0, 162, 855, 127, 1449, 190, 
101, 124, 705, 0, 11160, 2195, 2083, 476, 119, 0, 1119, 2053, 
136, 780)
ntot <-
c(13450, 13450, 13450, 13450, 13450, 13450, 13450, 13450, 13450, 
1994, 1994, 1994, 1994, 1994, 1994, 1994, 1994, 1994, 21365, 
21365, 21365, 21365, 21365, 21365, 21365, 21365, 21365, 8185, 
5476, 8185, 5476, 8185, 5476, 8185, 5476, 8185, 5476, 8185, 5476, 
8185, 5476, 8185, 5476, 8185, 5476, 8954, 8954, 8954, 8954, 8954, 
8954, 8954, 8954, 8954, 6045, 6045, 6045, 6045, 6045, 6045, 6045, 
6045, 6045, 3704, 3704, 3704, 3704, 3704, 3704, 3704, 3704, 3704, 
4019, 4019, 4019, 4019, 4019, 4019, 4019, 4019, 4019, 60123, 
60123, 60123, 60123, 60123, 60123, 60123, 60123, 60123, 7038, 
45263, 7038, 45263, 7038, 45263, 7038, 45263, 7038, 45263, 7038, 
45263, 7038, 45263, 7038, 45263, 7038, 45263, 30824, 15057, 30824, 
15057, 30824, 15057, 30824, 15057, 30824, 15057, 30824, 15057, 
30824, 15057, 30824, 15057, 30824, 15057)
pix <-
c(0.00459563863356685, 0.0178443685162142, 0.000626925800397363, 
0.0092835300668917, 0.243781924803553, 0.0889255666545212, 0.00278424848239023, 
0.425673172509092, 0.206484555785479, 0.00459563863356685, 0.0178443685162142, 
0.000626925800397363, 0.0092835300668917, 0.243781924803553, 
0.0889255666545212, 0.00278424848239023, 0.425673172509092, 0.206484555785479, 
0.00459563863356685, 0.0178443685162142, 0.000626925800397363, 
0.0092835300668917, 0.243781924803553, 0.0889255666545212, 0.00278424848239023, 
0.425673172509092, 0.206484555785479, 0.00459563863356685, 0.00459563863356685, 
0.0178443685162142, 0.0178443685162142, 0.000626925800397363, 
0.000626925800397363, 0.0092835300668917, 0.0092835300668917, 
0.243781924803553, 0.243781924803553, 0.0889255666545212, 0.0889255666545212, 
0.00278424848239023, 0.00278424848239023, 0.425673172509092, 
0.425673172509092, 0.206484555785479, 0.206484555785479, 0.00459563863356685, 
0.0178443685162142, 0.000626925800397363, 0.0092835300668917, 
0.243781924803553, 0.0889255666545212, 0.00278424848239023, 0.425673172509092, 
0.206484555785479, 0.00459563863356685, 0.0178443685162142, 0.000626925800397363, 
0.0092835300668917, 0.243781924803553, 0.0889255666545212, 0.00278424848239023, 
0.425673172509092, 0.206484555785479, 0.00459563863356685, 0.0178443685162142, 
0.000626925800397363, 0.0092835300668917, 0.243781924803553, 
0.0889255666545212, 0.00278424848239023, 0.425673172509092, 0.206484555785479, 
0.00459563863356685, 0.0178443685162142, 0.000626925800397363, 
0.0092835300668917, 0.243781924803553, 0.0889255666545212, 0.00278424848239023, 
0.425673172509092, 0.206484555785479, 0.00459563863356685, 0.0178443685162142, 
0.000626925800397363, 0.0092835300668917, 0.243781924803553, 
0.0889255666545212, 0.00278424848239023, 0.425673172509092, 0.206484555785479, 
0.00459563863356685, 0.00459563863356685, 0.0178443685162142, 
0.0178443685162142, 0.000626925800397363, 0.000626925800397363, 
0.0092835300668917, 0.0092835300668917, 0.243781924803553, 0.243781924803553, 
0.0889255666545212, 0.0889255666545212, 0.00278424848239023, 
0.00278424848239023, 0.425673172509092, 0.425673172509092, 0.206484555785479, 
0.206484555785479, 0.00459563863356685, 0.00459563863356685, 
0.0178443685162142, 0.0178443685162142, 0.000626925800397363, 
0.000626925800397363, 0.0092835300668917, 0.0092835300668917, 
0.243781924803553, 0.243781924803553, 0.0889255666545212, 0.0889255666545212, 
0.00278424848239023, 0.00278424848239023, 0.425673172509092, 
0.425673172509092, 0.206484555785479, 0.206484555785479)
roi <-
c(1L, 2L, 3L, 4L, 5L, 6L, 7L, 8L, 9L, 1L, 2L, 3L, 4L, 5L, 6L, 
7L, 8L, 9L, 1L, 2L, 3L, 4L, 5L, 6L, 7L, 8L, 9L, 1L, 1L, 2L, 2L, 
3L, 3L, 4L, 4L, 5L, 5L, 6L, 6L, 7L, 7L, 8L, 8L, 9L, 9L, 1L, 2L, 
3L, 4L, 5L, 6L, 7L, 8L, 9L, 1L, 2L, 3L, 4L, 5L, 6L, 7L, 8L, 9L, 
1L, 2L, 3L, 4L, 5L, 6L, 7L, 8L, 9L, 1L, 2L, 3L, 4L, 5L, 6L, 7L, 
8L, 9L, 1L, 2L, 3L, 4L, 5L, 6L, 7L, 8L, 9L, 1L, 1L, 2L, 2L, 3L, 
3L, 4L, 4L, 5L, 5L, 6L, 6L, 7L, 7L, 8L, 8L, 9L, 9L, 1L, 1L, 2L, 
2L, 3L, 3L, 4L, 4L, 5L, 5L, 6L, 6L, 7L, 7L, 8L, 8L, 9L, 9L)
male <-
c(2L, 2L, 2L, 2L, 2L, 2L, 2L, 2L, 2L, 7L, 7L, 7L, 7L, 7L, 7L, 
7L, 7L, 7L, 6L, 6L, 6L, 6L, 6L, 6L, 6L, 6L, 6L, 4L, 6L, 4L, 6L, 
4L, 6L, 4L, 6L, 4L, 6L, 4L, 6L, 4L, 6L, 4L, 6L, 4L, 6L, 2L, 2L, 
2L, 2L, 2L, 2L, 2L, 2L, 2L, 6L, 6L, 6L, 6L, 6L, 6L, 6L, 6L, 6L, 
5L, 5L, 5L, 5L, 5L, 5L, 5L, 5L, 5L, 8L, 8L, 8L, 8L, 8L, 8L, 8L, 
8L, 8L, 6L, 6L, 6L, 6L, 6L, 6L, 6L, 6L, 6L, 2L, 6L, 2L, 6L, 2L, 
6L, 2L, 6L, 2L, 6L, 2L, 6L, 2L, 6L, 2L, 6L, 2L, 6L, 2L, 8L, 2L, 
8L, 2L, 8L, 2L, 8L, 2L, 8L, 2L, 8L, 2L, 8L, 2L, 8L, 2L, 8L)
fem <-
c(1L, 1L, 1L, 1L, 1L, 1L, 1L, 1L, 1L, 3L, 3L, 3L, 3L, 3L, 3L, 
3L, 3L, 3L, 5L, 5L, 5L, 5L, 5L, 5L, 5L, 5L, 5L, 6L, 6L, 6L, 6L, 
6L, 6L, 6L, 6L, 6L, 6L, 6L, 6L, 6L, 6L, 6L, 6L, 6L, 6L, 7L, 7L, 
7L, 7L, 7L, 7L, 7L, 7L, 7L, 8L, 8L, 8L, 8L, 8L, 8L, 8L, 8L, 8L, 
9L, 9L, 9L, 9L, 9L, 9L, 9L, 9L, 9L, 10L, 10L, 10L, 10L, 10L, 
10L, 10L, 10L, 10L, 11L, 11L, 11L, 11L, 11L, 11L, 11L, 11L, 11L, 
12L, 12L, 12L, 12L, 12L, 12L, 12L, 12L, 12L, 12L, 12L, 12L, 12L, 
12L, 12L, 12L, 12L, 12L, 13L, 13L, 13L, 13L, 13L, 13L, 13L, 13L, 
13L, 13L, 13L, 13L, 13L, 13L, 13L, 13L, 13L, 13L)
nmale <-
8L
nfem <-
14L
nroi <-
9L
roinames <-
c("Body", "DenseFeathers", "HeadCrest", "Leg", "LowerEyeSpots", 
"LowerFishtail", "Scales", "UpperEyeSpots", "UpperFishtail")
