count <-
c(197, 1168, 64, 123, 4015, 605, 81, 111, 0, 0, 159, 0, 287, 
1068, 647, 0, 0, 0, 117, 124, 0, 15, 117, 234, 0, 0, 0, 218, 
175, 0, 130, 1546, 444, 0, 398, 333, 353, 122, 18, 331, 2948, 
1329, 44, 282, 86, 467, 6, 238, 28, 0, 156, 539, 0, 2461, 980, 
623, 401, 0, 18, 14, 1203, 0, 27, 103, 500, 0, 153, 2489, 555, 
0, 136, 0, 44, 46, 26, 16, 1316, 590, 0, 207, 138, 0, 314, 93, 
57, 0, 0, 126, 136, 288, 1852, 273, 834, 0, 0, 0, 71, 0, 28, 
0, 359, 0, 196, 848, 310, 0, 103, 150, 489, 1732, 235, 854, 4813, 
2061, 92, 1751, 458, 168, 329, 246, 745, 0, 24, 243, 824, 3740, 
5644, 1368, 1755, 183, 65, 238, 806, 0, 162, 855, 42, 127, 1449, 
186, 190, 101, 0, 124, 705, 116, 0, 11160, 1627, 2195, 2083, 
961, 476, 119, 0, 0, 1119, 297, 2053, 136, 190, 780, 51, 51, 
0, 0, 607, 171, 13, 138, 0)
ntot <-
c(17659, 17659, 17659, 17659, 17659, 17659, 17659, 17659, 17659, 
10229, 10229, 10229, 10229, 10229, 10229, 10229, 10229, 10229, 
1994, 1994, 1994, 1994, 1994, 1994, 1994, 1994, 1994, 11590, 
11590, 11590, 11590, 11590, 11590, 11590, 11590, 11590, 24678, 
24678, 24678, 24678, 24678, 24678, 24678, 24678, 24678, 8185, 
5476, 8185, 5476, 8185, 5476, 8185, 5476, 8185, 5476, 8185, 5476, 
8185, 5476, 8185, 5476, 8185, 5476, 8954, 8954, 8954, 8954, 8954, 
8954, 8954, 8954, 8954, 6045, 6045, 6045, 6045, 6045, 6045, 6045, 
6045, 6045, 3704, 8115, 3704, 8115, 3704, 8115, 3704, 8115, 3704, 
8115, 3704, 8115, 3704, 8115, 3704, 8115, 3704, 8115, 4019, 4019, 
4019, 4019, 4019, 4019, 4019, 4019, 4019, 60123, 60123, 60123, 
60123, 60123, 60123, 60123, 60123, 60123, 15277, 45263, 15277, 
45263, 15277, 45263, 15277, 45263, 15277, 45263, 15277, 45263, 
15277, 45263, 15277, 45263, 15277, 45263, 30824, 8868, 15057, 
30824, 8868, 15057, 30824, 8868, 15057, 30824, 8868, 15057, 30824, 
8868, 15057, 30824, 8868, 15057, 30824, 8868, 15057, 30824, 8868, 
15057, 30824, 8868, 15057, 3440, 3440, 3440, 3440, 3440, 3440, 
3440, 3440, 3440)
pix <-
c(0.00459563863356685, 0.0178443685162142, 0.000626925800397363, 
0.0092835300668917, 0.243781924803553, 0.0889255666545212, 0.00278424848239023, 
0.425673172509092, 0.206484555785479, 0.00459563863356685, 0.0178443685162142, 
0.000626925800397363, 0.0092835300668917, 0.243781924803553, 
0.0889255666545212, 0.00278424848239023, 0.425673172509092, 0.206484555785479, 
0.00459563863356685, 0.0178443685162142, 0.000626925800397363, 
0.0092835300668917, 0.243781924803553, 0.0889255666545212, 0.00278424848239023, 
0.425673172509092, 0.206484555785479, 0.00459563863356685, 0.0178443685162142, 
0.000626925800397363, 0.0092835300668917, 0.243781924803553, 
0.0889255666545212, 0.00278424848239023, 0.425673172509092, 0.206484555785479, 
0.00459563863356685, 0.0178443685162142, 0.000626925800397363, 
0.0092835300668917, 0.243781924803553, 0.0889255666545212, 0.00278424848239023, 
0.425673172509092, 0.206484555785479, 0.00459563863356685, 0.00459563863356685, 
0.0178443685162142, 0.0178443685162142, 0.000626925800397363, 
0.000626925800397363, 0.0092835300668917, 0.0092835300668917, 
0.243781924803553, 0.243781924803553, 0.0889255666545212, 0.0889255666545212, 
0.00278424848239023, 0.00278424848239023, 0.425673172509092, 
0.425673172509092, 0.206484555785479, 0.206484555785479, 0.00459563863356685, 
0.0178443685162142, 0.000626925800397363, 0.0092835300668917, 
0.243781924803553, 0.0889255666545212, 0.00278424848239023, 0.425673172509092, 
0.206484555785479, 0.00459563863356685, 0.0178443685162142, 0.000626925800397363, 
0.0092835300668917, 0.243781924803553, 0.0889255666545212, 0.00278424848239023, 
0.425673172509092, 0.206484555785479, 0.00459563863356685, 0.00459563863356685, 
0.0178443685162142, 0.0178443685162142, 0.000626925800397363, 
0.000626925800397363, 0.0092835300668917, 0.0092835300668917, 
0.243781924803553, 0.243781924803553, 0.0889255666545212, 0.0889255666545212, 
0.00278424848239023, 0.00278424848239023, 0.425673172509092, 
0.425673172509092, 0.206484555785479, 0.206484555785479, 0.00459563863356685, 
0.0178443685162142, 0.000626925800397363, 0.0092835300668917, 
0.243781924803553, 0.0889255666545212, 0.00278424848239023, 0.425673172509092, 
0.206484555785479, 0.00459563863356685, 0.0178443685162142, 0.000626925800397363, 
0.0092835300668917, 0.243781924803553, 0.0889255666545212, 0.00278424848239023, 
0.425673172509092, 0.206484555785479, 0.00459563863356685, 0.00459563863356685, 
0.0178443685162142, 0.0178443685162142, 0.000626925800397363, 
0.000626925800397363, 0.0092835300668917, 0.0092835300668917, 
0.243781924803553, 0.243781924803553, 0.0889255666545212, 0.0889255666545212, 
0.00278424848239023, 0.00278424848239023, 0.425673172509092, 
0.425673172509092, 0.206484555785479, 0.206484555785479, 0.00459563863356685, 
0.00459563863356685, 0.00459563863356685, 0.0178443685162142, 
0.0178443685162142, 0.0178443685162142, 0.000626925800397363, 
0.000626925800397363, 0.000626925800397363, 0.0092835300668917, 
0.0092835300668917, 0.0092835300668917, 0.243781924803553, 0.243781924803553, 
0.243781924803553, 0.0889255666545212, 0.0889255666545212, 0.0889255666545212, 
0.00278424848239023, 0.00278424848239023, 0.00278424848239023, 
0.425673172509092, 0.425673172509092, 0.425673172509092, 0.206484555785479, 
0.206484555785479, 0.206484555785479, 0.00459563863356685, 0.0178443685162142, 
0.000626925800397363, 0.0092835300668917, 0.243781924803553, 
0.0889255666545212, 0.00278424848239023, 0.425673172509092, 0.206484555785479
)
roi <-
c(1L, 2L, 3L, 4L, 5L, 6L, 7L, 8L, 9L, 1L, 2L, 3L, 4L, 5L, 6L, 
7L, 8L, 9L, 1L, 2L, 3L, 4L, 5L, 6L, 7L, 8L, 9L, 1L, 2L, 3L, 4L, 
5L, 6L, 7L, 8L, 9L, 1L, 2L, 3L, 4L, 5L, 6L, 7L, 8L, 9L, 1L, 1L, 
2L, 2L, 3L, 3L, 4L, 4L, 5L, 5L, 6L, 6L, 7L, 7L, 8L, 8L, 9L, 9L, 
1L, 2L, 3L, 4L, 5L, 6L, 7L, 8L, 9L, 1L, 2L, 3L, 4L, 5L, 6L, 7L, 
8L, 9L, 1L, 1L, 2L, 2L, 3L, 3L, 4L, 4L, 5L, 5L, 6L, 6L, 7L, 7L, 
8L, 8L, 9L, 9L, 1L, 2L, 3L, 4L, 5L, 6L, 7L, 8L, 9L, 1L, 2L, 3L, 
4L, 5L, 6L, 7L, 8L, 9L, 1L, 1L, 2L, 2L, 3L, 3L, 4L, 4L, 5L, 5L, 
6L, 6L, 7L, 7L, 8L, 8L, 9L, 9L, 1L, 1L, 1L, 2L, 2L, 2L, 3L, 3L, 
3L, 4L, 4L, 4L, 5L, 5L, 5L, 6L, 6L, 6L, 7L, 7L, 7L, 8L, 8L, 8L, 
9L, 9L, 9L, 1L, 2L, 3L, 4L, 5L, 6L, 7L, 8L, 9L)
male <-
c(2L, 2L, 2L, 2L, 2L, 2L, 2L, 2L, 2L, 8L, 8L, 8L, 8L, 8L, 8L, 
8L, 8L, 8L, 7L, 7L, 7L, 7L, 7L, 7L, 7L, 7L, 7L, 3L, 3L, 3L, 3L, 
3L, 3L, 3L, 3L, 3L, 6L, 6L, 6L, 6L, 6L, 6L, 6L, 6L, 6L, 4L, 6L, 
4L, 6L, 4L, 6L, 4L, 6L, 4L, 6L, 4L, 6L, 4L, 6L, 4L, 6L, 4L, 6L, 
2L, 2L, 2L, 2L, 2L, 2L, 2L, 2L, 2L, 6L, 6L, 6L, 6L, 6L, 6L, 6L, 
6L, 6L, 5L, 8L, 5L, 8L, 5L, 8L, 5L, 8L, 5L, 8L, 5L, 8L, 5L, 8L, 
5L, 8L, 5L, 8L, 8L, 8L, 8L, 8L, 8L, 8L, 8L, 8L, 8L, 6L, 6L, 6L, 
6L, 6L, 6L, 6L, 6L, 6L, 2L, 6L, 2L, 6L, 2L, 6L, 2L, 6L, 2L, 6L, 
2L, 6L, 2L, 6L, 2L, 6L, 2L, 6L, 2L, 6L, 8L, 2L, 6L, 8L, 2L, 6L, 
8L, 2L, 6L, 8L, 2L, 6L, 8L, 2L, 6L, 8L, 2L, 6L, 8L, 2L, 6L, 8L, 
2L, 6L, 8L, 2L, 2L, 2L, 2L, 2L, 2L, 2L, 2L, 2L)
fem <-
c(1L, 1L, 1L, 1L, 1L, 1L, 1L, 1L, 1L, 2L, 2L, 2L, 2L, 2L, 2L, 
2L, 2L, 2L, 3L, 3L, 3L, 3L, 3L, 3L, 3L, 3L, 3L, 4L, 4L, 4L, 4L, 
4L, 4L, 4L, 4L, 4L, 5L, 5L, 5L, 5L, 5L, 5L, 5L, 5L, 5L, 6L, 6L, 
6L, 6L, 6L, 6L, 6L, 6L, 6L, 6L, 6L, 6L, 6L, 6L, 6L, 6L, 6L, 6L, 
7L, 7L, 7L, 7L, 7L, 7L, 7L, 7L, 7L, 8L, 8L, 8L, 8L, 8L, 8L, 8L, 
8L, 8L, 9L, 9L, 9L, 9L, 9L, 9L, 9L, 9L, 9L, 9L, 9L, 9L, 9L, 9L, 
9L, 9L, 9L, 9L, 10L, 10L, 10L, 10L, 10L, 10L, 10L, 10L, 10L, 
11L, 11L, 11L, 11L, 11L, 11L, 11L, 11L, 11L, 12L, 12L, 12L, 12L, 
12L, 12L, 12L, 12L, 12L, 12L, 12L, 12L, 12L, 12L, 12L, 12L, 12L, 
12L, 13L, 13L, 13L, 13L, 13L, 13L, 13L, 13L, 13L, 13L, 13L, 13L, 
13L, 13L, 13L, 13L, 13L, 13L, 13L, 13L, 13L, 13L, 13L, 13L, 13L, 
13L, 13L, 14L, 14L, 14L, 14L, 14L, 14L, 14L, 14L, 14L)
nmale <-
8L
nfem <-
14L
nroi <-
9L
roinames <-
c("Body", "DenseFeathers", "HeadCrest", "Leg", "LowerEyeSpots", 
"LowerFishtail", "Scales", "UpperEyeSpots", "UpperFishtail")
