count <-
c(904, 1411, 227, 341, 6220, 1887, 415, 170, 0, 0, 159, 0, 365, 
1068, 647, 0, 0, 0, 0, 173, 0, 124, 0, 0, 0, 48, 132, 560, 34, 
254, 68, 0, 0, 0, 0, 0, 218, 0, 175, 0, 0, 0, 130, 0, 1546, 265, 
444, 0, 0, 0, 576, 35, 333, 0, 475, 296, 18, 416, 4141, 1390, 
44, 512, 122, 467, 6, 467, 56, 0, 156, 561, 0, 3073, 1086, 912, 
456, 0, 18, 14, 1203, 0, 27, 137, 520, 0, 755, 0, 0, 0, 397, 
175, 6349, 429, 2825, 0, 415, 0, 341, 0, 198, 0, 44, 50, 78, 
0, 26, 323, 16, 278, 1401, 76, 690, 0, 212, 0, 237, 0, 138, 0, 
314, 159, 57, 0, 0, 221, 136, 1075, 1852, 810, 941, 0, 0, 358, 
131, 0, 28, 0, 359, 0, 213, 1251, 310, 0, 103, 150, 489, 1859, 
235, 854, 5147, 2202, 92, 2040, 458, 753, 329, 687, 745, 15, 
24, 442, 824, 5222, 5661, 2027, 1755, 401, 65, 238, 1038, 109, 
162, 1343, 115, 158, 1770, 186, 400, 101, 0, 124, 705, 116, 0, 
15012, 1714, 3309, 2448, 1104, 896, 130, 0, 18, 1609, 297, 2262, 
164, 190, 1194, 51, 199, 0, 86, 745, 204, 13, 138, 0)
ntot <-
c(32953, 32953, 32953, 32953, 32953, 32953, 32953, 32953, 32953, 
10307, 10307, 10307, 10307, 10307, 10307, 10307, 10307, 10307, 
1164, 4038, 1164, 4038, 1164, 4038, 1164, 4038, 1164, 4038, 1164, 
4038, 1164, 4038, 1164, 4038, 1164, 4038, 11995, 315, 11995, 
315, 11995, 315, 11995, 315, 11995, 315, 11995, 315, 11995, 315, 
11995, 315, 11995, 315, 28687, 28687, 28687, 28687, 28687, 28687, 
28687, 28687, 28687, 10097, 5994, 10097, 5994, 10097, 5994, 10097, 
5994, 10097, 5994, 10097, 5994, 10097, 5994, 10097, 5994, 10097, 
5994, 1730, 31305, 1730, 31305, 1730, 31305, 1730, 31305, 1730, 
31305, 1730, 31305, 1730, 31305, 1730, 31305, 1730, 31305, 1285, 
6733, 1285, 6733, 1285, 6733, 1285, 6733, 1285, 6733, 1285, 6733, 
1285, 6733, 1285, 6733, 1285, 6733, 7429, 8353, 7429, 8353, 7429, 
8353, 7429, 8353, 7429, 8353, 7429, 8353, 7429, 8353, 7429, 8353, 
7429, 8353, 5586, 5586, 5586, 5586, 5586, 5586, 5586, 5586, 5586, 
62180, 62180, 62180, 62180, 62180, 62180, 62180, 62180, 62180, 
22289, 45567, 22289, 45567, 22289, 45567, 22289, 45567, 22289, 
45567, 22289, 45567, 22289, 45567, 22289, 45567, 22289, 45567, 
41963, 9426, 19201, 41963, 9426, 19201, 41963, 9426, 19201, 41963, 
9426, 19201, 41963, 9426, 19201, 41963, 9426, 19201, 41963, 9426, 
19201, 41963, 9426, 19201, 41963, 9426, 19201, 4104, 4104, 4104, 
4104, 4104, 4104, 4104, 4104, 4104)
pix <-
c(0.00459563863356685, 0.0178443685162142, 0.000626925800397363, 
0.0092835300668917, 0.243781924803553, 0.0889255666545212, 0.00278424848239023, 
0.425673172509092, 0.206484555785479, 0.00459563863356685, 0.0178443685162142, 
0.000626925800397363, 0.0092835300668917, 0.243781924803553, 
0.0889255666545212, 0.00278424848239023, 0.425673172509092, 0.206484555785479, 
0.00459563863356685, 0.00459563863356685, 0.0178443685162142, 
0.0178443685162142, 0.000626925800397363, 0.000626925800397363, 
0.0092835300668917, 0.0092835300668917, 0.243781924803553, 0.243781924803553, 
0.0889255666545212, 0.0889255666545212, 0.00278424848239023, 
0.00278424848239023, 0.425673172509092, 0.425673172509092, 0.206484555785479, 
0.206484555785479, 0.00459563863356685, 0.00459563863356685, 
0.0178443685162142, 0.0178443685162142, 0.000626925800397363, 
0.000626925800397363, 0.0092835300668917, 0.0092835300668917, 
0.243781924803553, 0.243781924803553, 0.0889255666545212, 0.0889255666545212, 
0.00278424848239023, 0.00278424848239023, 0.425673172509092, 
0.425673172509092, 0.206484555785479, 0.206484555785479, 0.00459563863356685, 
0.0178443685162142, 0.000626925800397363, 0.0092835300668917, 
0.243781924803553, 0.0889255666545212, 0.00278424848239023, 0.425673172509092, 
0.206484555785479, 0.00459563863356685, 0.00459563863356685, 
0.0178443685162142, 0.0178443685162142, 0.000626925800397363, 
0.000626925800397363, 0.0092835300668917, 0.0092835300668917, 
0.243781924803553, 0.243781924803553, 0.0889255666545212, 0.0889255666545212, 
0.00278424848239023, 0.00278424848239023, 0.425673172509092, 
0.425673172509092, 0.206484555785479, 0.206484555785479, 0.00459563863356685, 
0.00459563863356685, 0.0178443685162142, 0.0178443685162142, 
0.000626925800397363, 0.000626925800397363, 0.0092835300668917, 
0.0092835300668917, 0.243781924803553, 0.243781924803553, 0.0889255666545212, 
0.0889255666545212, 0.00278424848239023, 0.00278424848239023, 
0.425673172509092, 0.425673172509092, 0.206484555785479, 0.206484555785479, 
0.00459563863356685, 0.00459563863356685, 0.0178443685162142, 
0.0178443685162142, 0.000626925800397363, 0.000626925800397363, 
0.0092835300668917, 0.0092835300668917, 0.243781924803553, 0.243781924803553, 
0.0889255666545212, 0.0889255666545212, 0.00278424848239023, 
0.00278424848239023, 0.425673172509092, 0.425673172509092, 0.206484555785479, 
0.206484555785479, 0.00459563863356685, 0.00459563863356685, 
0.0178443685162142, 0.0178443685162142, 0.000626925800397363, 
0.000626925800397363, 0.0092835300668917, 0.0092835300668917, 
0.243781924803553, 0.243781924803553, 0.0889255666545212, 0.0889255666545212, 
0.00278424848239023, 0.00278424848239023, 0.425673172509092, 
0.425673172509092, 0.206484555785479, 0.206484555785479, 0.00459563863356685, 
0.0178443685162142, 0.000626925800397363, 0.0092835300668917, 
0.243781924803553, 0.0889255666545212, 0.00278424848239023, 0.425673172509092, 
0.206484555785479, 0.00459563863356685, 0.0178443685162142, 0.000626925800397363, 
0.0092835300668917, 0.243781924803553, 0.0889255666545212, 0.00278424848239023, 
0.425673172509092, 0.206484555785479, 0.00459563863356685, 0.00459563863356685, 
0.0178443685162142, 0.0178443685162142, 0.000626925800397363, 
0.000626925800397363, 0.0092835300668917, 0.0092835300668917, 
0.243781924803553, 0.243781924803553, 0.0889255666545212, 0.0889255666545212, 
0.00278424848239023, 0.00278424848239023, 0.425673172509092, 
0.425673172509092, 0.206484555785479, 0.206484555785479, 0.00459563863356685, 
0.00459563863356685, 0.00459563863356685, 0.0178443685162142, 
0.0178443685162142, 0.0178443685162142, 0.000626925800397363, 
0.000626925800397363, 0.000626925800397363, 0.0092835300668917, 
0.0092835300668917, 0.0092835300668917, 0.243781924803553, 0.243781924803553, 
0.243781924803553, 0.0889255666545212, 0.0889255666545212, 0.0889255666545212, 
0.00278424848239023, 0.00278424848239023, 0.00278424848239023, 
0.425673172509092, 0.425673172509092, 0.425673172509092, 0.206484555785479, 
0.206484555785479, 0.206484555785479, 0.00459563863356685, 0.0178443685162142, 
0.000626925800397363, 0.0092835300668917, 0.243781924803553, 
0.0889255666545212, 0.00278424848239023, 0.425673172509092, 0.206484555785479
)
roi <-
c(1L, 2L, 3L, 4L, 5L, 6L, 7L, 8L, 9L, 1L, 2L, 3L, 4L, 5L, 6L, 
7L, 8L, 9L, 1L, 1L, 2L, 2L, 3L, 3L, 4L, 4L, 5L, 5L, 6L, 6L, 7L, 
7L, 8L, 8L, 9L, 9L, 1L, 1L, 2L, 2L, 3L, 3L, 4L, 4L, 5L, 5L, 6L, 
6L, 7L, 7L, 8L, 8L, 9L, 9L, 1L, 2L, 3L, 4L, 5L, 6L, 7L, 8L, 9L, 
1L, 1L, 2L, 2L, 3L, 3L, 4L, 4L, 5L, 5L, 6L, 6L, 7L, 7L, 8L, 8L, 
9L, 9L, 1L, 1L, 2L, 2L, 3L, 3L, 4L, 4L, 5L, 5L, 6L, 6L, 7L, 7L, 
8L, 8L, 9L, 9L, 1L, 1L, 2L, 2L, 3L, 3L, 4L, 4L, 5L, 5L, 6L, 6L, 
7L, 7L, 8L, 8L, 9L, 9L, 1L, 1L, 2L, 2L, 3L, 3L, 4L, 4L, 5L, 5L, 
6L, 6L, 7L, 7L, 8L, 8L, 9L, 9L, 1L, 2L, 3L, 4L, 5L, 6L, 7L, 8L, 
9L, 1L, 2L, 3L, 4L, 5L, 6L, 7L, 8L, 9L, 1L, 1L, 2L, 2L, 3L, 3L, 
4L, 4L, 5L, 5L, 6L, 6L, 7L, 7L, 8L, 8L, 9L, 9L, 1L, 1L, 1L, 2L, 
2L, 2L, 3L, 3L, 3L, 4L, 4L, 4L, 5L, 5L, 5L, 6L, 6L, 6L, 7L, 7L, 
7L, 8L, 8L, 8L, 9L, 9L, 9L, 1L, 2L, 3L, 4L, 5L, 6L, 7L, 8L, 9L
)
